Message Length(bits), Throughput (Octet/sec)
64, 311793.5926416712
128, 797607.1784646062
192, 887016.2989244928
256, 926945.1364347372
320, 952698.5185538037
384, 970677.4519716885
448, 983940.6824331448
512, 994128.4289664171
576, 918672.008574272
640, 1008738.1946108161
704, 998060.5868142586
768, 2604873.2837683833
832, 2653941.3581034527
896, 2697495.183044316
960, 2679468.5720665404
1024, 2716641.5518814865
1088, 2724577.2898469428
1152, 2756033.6082987236
1216, 2670649.213739787
1280, 2765869.1743880515
1344, 2791625.1246261215
1408, 2794582.3210911574
1472, 3371136.476063099
1536, 3882709.807886754
1600, 3897419.90802089
1664, 3911097.739836787
1728, 3890840.313428803
1792, 3935693.5781428446
1856, 3946920.721333787
1920, 3957326.82572922
1984, 3997034.458305129
2048, 4005507.5729127554
2112, 4013499.9543920457
2176, 3993481.2291700314
2240, 4001371.898936779
2304, 4008741.2830755957
2368, 4015791.8300343244
2432, 4022494.2110486277
2496, 4004723.520049289
2560, 4182569.1430961466
2624, 5492849.248082527
2688, 6488741.2614422
2752, 9103419.074838573
2816, 9315373.011882393
2880, 1.0153715978000283E7
2944, 2.0759293732724093E7
3008, 2.0666153677036386E7
3072, 2.110585907442014E7
3136, 2.1006376935855526E7
3200, 2.0912845715480734E7
3264, 2.082270082678371E7
3328, 2.1232072679018017E7
3392, 2.1136590229312062E7
3456, 2.1535393818544365E7
3520, 2.006749977196023E7
3584, 2.13404468156052E7
3648, 1.527331189710611E7
3712, 2.0721686316541623E7
3776, 2.4090236308885828E7
3840, 2.3928215353938185E7
3904, 2.4327018943170488E7
3968, 2.2149778948778637E7
4032, 2.400800266755585E7
4096, 2.438908207497737E7
4160, 2.2293676312968917E7
4224, 2.4603914259086672E7
4288, 2.4977864765366513E7
4352, 2.4810726990787193E7
4416, 2.4650560442995578E7
4480, 2.449800953672514E7
4544, 2.4847981101535503E7
4608, 2.4693475092171825E7
4672, 2.2760932262842E7
4736, 2.488231338264963E7
4800, 2.5218560860793546E7
4864, 2.2864879094430447E7
4928, 2.5392637783915248E7
4992, 2.52376137512639E7
5056, 2.556117290192113E7
5120, 2.540589893215831E7
5184, 2.4369147455906134E7
5248, 2.5111009033838615E7
5312, 2.5417240851324454E7
5376, 2.572248803827751E7
5440, 2.5572562145086683E7
5504, 2.587341581738182E7
5568, 2.572347266881029E7
5632, 2.5577677663130358E7
5696, 2.5868333091120478E7
5760, 2.33849751534639E7
5824, 2.600928903179707E7
5888, 2.586358365252838E7
5952, 2.5314732902347736E7
6016, 2.5586934331405237E7
6080, 2.545466724721171E7
6144, 2.6131337189520244E7
6208, 2.5991425509110395E7
6272, 2.585496158031857E7
6336, 2.357914793533597E7
6400, 2.5982461838259175E7
6464, 2.624313878333171E7
6528, 2.36371009790858E7
6592, 2.5975663577328037E7
6656, 2.5846536191363778E7
6720, 2.3692672194956843E7
6784, 2.634358496427462E7
6848, 2.621264086232239E7
6912, 2.64584290307763E7
6976, 2.6326117803339068E7
7040, 2.6568443934545018E7
7104, 2.680916583642786E7
7168, 2.6676193878766228E7
7232, 2.654451491660794E7
7296, 2.6418701659859218E7
7360, 2.6649672672498696E7
7424, 2.396694214876033E7
7488, 2.6400406160094768E7
7552, 2.6625299675645184E7
7616, 2.685169515428442E7
7680, 2.6725313883243788E7
7744, 2.6602176541717052E7
7808, 2.6822029240408927E7
7872, 2.6699951158625927E7
7936, 2.6580209533506606E7
8000, 2.4358755754756045E7
8064, 2.4277456647398844E7
8128, 2.6887553920660544E7
8192, 2.438908207497737E7
8256, 2.6977570972970143E7
8320, 2.423169225750833E7
8384, 2.7065416698948894E7
8448, 2.7272022933292013E7
8512, 2.7151861586750705E7
8576, 2.7034524500037827E7
8640, 2.723627468287393E7
8704, 2.7119320022931777E7
8768, 2.700372040308473E7
8832, 2.6590235795659818E7
8896, 2.678227360308285E7
8960, 2.697495183044316E7
9024, 2.747667649136482E7
9088, 2.7056637926928025E7
9152, 2.7247177630638786E7
9216, 2.6841259116009228E7
9280, 2.7324335147103854E7
9344, 2.692174714763167E7
9408, 2.7106142676040106E7
9472, 2.6999908784091946E7
9536, 2.7182340600200675E7
9600, 2.7077034162191436E7
9664, 2.725693269252465E7
9728, 2.4590495449949443E7
9792, 2.4987751102400787E7
9856, 2.750921067321648E7
9920, 2.740210377441881E7
9984, 2.757950100550264E7
10048, 2.7472767837613195E7
10112, 2.7368193136299666E7
10176, 2.7541409548554726E7
10240, 2.4718536971592993E7
10304, 2.4651189496449694E7
10368, 2.7780754967739172E7
10432, 2.767578580979264E7
10496, 2.7572293207800943E7
10560, 2.482042796434884E7
10624, 2.7637302033256333E7
10688, 2.447738223924076E7
10752, 2.667566441061469E7
10816, 2.760141273503052E7
10880, 2.7764167891556427E7
10944, 2.6903183936753917E7
11008, 2.979322290787052E7
11072, 2.9966439320125584E7
11136, 2.9838588669053182E7
11200, 3.0010074810829353E7
11264, 3.018156095260552E7
11328, 3.0052209346746467E7
11392, 2.992602555480834E7
11456, 3.00941492938803E7
11520, 2.9968158831241805E7
11584, 2.6757830546059318E7
11648, 3.0009481017354384E7
11712, 2.9887920298879202E7
11776, 2.9767441860465113E7
11840, 2.9929221435793728E7
11904, 2.98094837430134E7
11968, 2.9969749784642506E7
12032, 2.6865778285877604E7
12096, 3.0010122461941525E7
12160, 3.0168906178671375E7
12224, 3.004916420845624E7
12288, 3.020708371846054E7
12352, 2.6907861487251878E7
12416, 2.997180487428064E7
12480, 3.0126298713838786E7
12544, 3.0010143734808322E7
12608, 3.016325671304714E7
12672, 3.0048373328274686E7
12736, 2.70840421912215E7
12800, 3.0351316488352682E7
12864, 2.6928809471974276E7
12928, 3.0122278556516554E7
12992, 2.6985709538052507E7
13056, 3.0157996858541995E7
13120, 3.0305830176476024E7
13184, 3.0453100746544458E7
13248, 2.709734426390457E7
13312, 3.022761539719159E7
13376, 3.011852865943726E7
13440, 3.0262091326668467E7
13504, 2.700281545943179E7
13568, 2.315579645836462E7
13632, 2.7258330267304398E7
13696, 2.801367957717671E7
13760, 2.836130989677802E7
13824, 2.5027881175499327E7
13888, 2.8406394711436193E7
13952, 2.8320883403702497E7
14016, 2.8451257733967748E7
14080, 2.8581172152844314E7
14144, 2.8282569746608652E7
14208, 2.8410090701134164E7
14272, 2.8538520604044024E7
14336, 2.8244491378495097E7
14400, 2.8371030026006777E7
14464, 2.8288897233696334E7
14528, 2.841406934534986E7
14592, 2.853924145700338E7
14656, 2.845692627916369E7
14720, 2.5948751216347717E7
14784, 2.849872773536896E7
14848, 2.8417877539771248E7
14912, 2.561283939760361E7
14976, 2.6227303295225285E7
15040, 2.858098452370093E7
15104, 2.850026417088082E7
15168, 2.862102800211337E7
15232, 2.834303407416229E7
15296, 2.8461698770430796E7
15360, 2.858121083108802E7
15424, 2.8502158358464904E7
15488, 2.5616936817730732E7
15552, 2.556515563972068E7
15616, 2.5513671772886492E7
15680, 2.858101112617933E7
15744, 2.850356294536817E7
15808, 2.5516528925619833E7
15872, 2.5619503880373444E7
15936, 2.8657747086750105E7
16000, 2.7838868628378946E7
16064, 2.5469304921359718E7
16128, 2.8430805680520106E7
16192, 2.8543626337982487E7
16256, 2.828429052643301E7
16320, 2.803121908321425E7
16384, 2.850660467964868E7
16448, 2.861795860417856E7
16512, 2.854416462680994E7
16576, 2.865480092381308E7
16640, 2.858085082994394E7
16704, 2.850823298107643E7
16768, 2.861745992736408E7
16832, 2.8544682467541277E7
16896, 2.865321738186653E7
16960, 2.8581058308055274E7
17024, 2.5626512843362756E7
17088, 2.8616596554218806E7
17152, 2.854556105874208E7
17216, 2.8652074346274696E7
17280, 2.893813134696284E7
17344, 2.8686735031425737E7
17408, 2.879297112763649E7
17472, 2.872134769400718E7
17536, 2.882655409581673E7
17600, 2.5491286614757136E7
17664, 2.868463786943813E7
17728, 2.810755961440893E7
17792, 2.8718637414289586E7
17856, 2.8649543686703376E7
17920, 2.875223022321486E7
17984, 2.868298160104116E7
18048, 2.8614916286149163E7
18112, 2.8887130936279885E7
18176, 2.798960245401796E7
18240, 2.8918963483466726E7
18304, 2.868138342546977E7
18368, 2.8781667982901484E7
18432, 2.5722898291838787E7
18496, 2.8646833607989393E7
18560, 2.8746313780883703E7
18624, 2.8679487021546572E7
18688, 2.861342479176874E7
18752, 2.8711767660064433E7
18816, 2.88094071533562E7
18880, 2.858111708569491E7
18944, 2.5766297074088983E7
19008, 1.5719483956334768E7
19072, 2.1838901459285654E7
19136, 2.8644991317885157E7
19200, 2.8902082154168524E7
19264, 2.8205969170219745E7
19328, 2.877149526032487E7
19392, 2.886676511218025E7
19456, 2.896203496403563E7
19520, 2.873800129556563E7
19584, 2.883222425063306E7
19648, 2.8152869162520923E7
19712, 2.8705235443509866E7
19776, 2.8798434259884898E7
19840, 2.889163307625993E7
19904, 2.5764228315798193E7
19968, 2.8308948621980265E7
20032, 2.8857567620518375E7
20096, 2.879512133613031E7
20160, 2.888682554420716E7
20224, 2.882422694517924E7
20288, 2.876229145637454E7
20352, 2.885302423699402E7
20416, 2.8944085289781105E7
20480, 2.8882169773004197E7
20544, 2.882025498294128E7
20608, 2.580309116224094E7
20672, 2.884894495924975E7
20736, 2.584273023659259E7
20800, 2.8877337953707404E7
20864, 2.8966191301257275E7
20928, 2.9054721947643746E7
20992, 2.5801630301182903E7
21056, 2.893261514785094E7
21120, 2.887265409685463E7
21184, 2.8960146988057222E7
21248, 2.8754235728437033E7
21312, 2.8987084208350107E7
21376, 2.8927454015957735E7
21440, 2.886842246997361E7
21504, 2.8954596865406364E7
21568, 2.9040771260839123E7
21632, 2.8981157960172344E7
21696, 2.7165366161489688E7
21760, 2.8864010187297713E7
21824, 2.8948904334907413E7
21888, 2.8890930402002092E7
21952, 2.897540680668631E7
22016, 2.877607570450149E7
22080, 2.900104025470479E7
22144, 2.8803030145367894E7
22208, 2.888627589723312E7
22272, 2.8969521649098348E7
22336, 2.579667562897876E7
22400, 2.885586495455201E7
22464, 2.90782565472677E7
22528, 2.8882051282051284E7
22592, 2.9103200939876743E7
22656, 2.9045855939939078E7
22720, 2.5905317887439568E7
22784, 2.8933092224231467E7
22848, 2.9014364955198407E7
22912, 2533719.52503375
22976, 2.903943377148635E7
23040, 2.8983757019503653E7
23104, 2.9201213346814964E7
23168, 2.914477789183423E7
23232, 2.5829634702790204E7
23296, 2.9168711748620193E7
23360, 2.9112662013958126E7
23424, 2.9057131799100894E7
23488, 2.5899331345600817E7
23552, 2.5969901730738696E7
23616, 3.1171464171823192E7
23680, 2.579273446554143E7
23744, 2.7782198051127482E7
23808, 2.7615901414201405E7
23872, 3.1050665445728976E7
23936, 2.5654216826148096E7
24000, 2.8581227849548414E7
24064, 2.9044561386568822E7
24128, 1.7286144146725893E7
24192, 1.620544039784785E7
24256, 1.5328537267253451E7
24320, 2.8962310887542393E7
24384, 2.9298958964154918E7
24448, 2.9375576745616734E7
24512, 2.9321135332733642E7
24576, 2.9009046440914843E7
24640, 2.9213142120039456E7
24704, 2.8779660385095716E7
24768, 2.910759279455455E7
24832, 2.9055508752223156E7
24896, 2.938676839978092E7
24960, 2.933295726977859E7
25024, 2.9026391002561156E7
25088, 2.92272850126285E7
25152, 2.9301571324721802E7
25216, 2.850863308701826E7
25280, 2.8702223514024124E7
25344, 2.889719967162273E7
25408, 2.9094106977638945E7
25472, 2.8798060834094588E7
25536, 2.887041777086367E7
25600, 2.88212989399166E7
25664, 2.8652322642301474E7
25728, 2.848639455782313E7
25792, 2.8557509189955268E7
25856, 2.8747031459854662E7
25920, 2.8938131346962836E7
25984, 2.9009583523128178E7
26048, 2.8960499515249625E7
26112, 2.915274825387185E7
26176, 2.9346344263471335E7
26240, 2.929539222778954E7
26304, 2.924512358910957E7
26368, 2.9195011337868482E7
26432, 2.9265873015873015E7
26496, 2.851215123836744E7
26560, 2.904763987925981E7
26624, 2.8765288041834135E7
26688, 2.906885554451822E7
26752, 2.9377657518361036E7
26816, 2.862657352212752E7
26880, 2.9277984001673028E7
26944, 2.9229006838615615E7
27008, 2.90631106825871E7
27072, 2.9015579582772426E7
27136, 2.9318466658023253E7
27200, 2.8921401837359644E7
27264, 2.8989205603899255E7
27328, 2.849207209762038E7
27392, 2.8895977855418842E7
27456, 2.907784593486291E7
27520, 2.914587340184873E7
27584, 2.821003714430645E7
27648, 2.905178211163416E7
27712, 2.889242908259865E7
27776, 2.9301308938080728E7
27840, 2.913938338385276E7
27904, 2.8979727484214023E7
27968, 2.9387782550583806E7
28032, 1.8142749889973335E7
28096, 2.87336573233191E7
28160, 2.5320097827650696E7
28224, 2.886456236807226E7
28288, 2.8282343531293742E7
28352, 2.742545831624401E7
28416, 2.9284459944102295E7
28480, 2.9463857116845712E7
28544, 2.9530068031715028E7
28608, 2.6161961269177023E7
28672, 2.9435195755549897E7
28736, 2.938818254708491E7
28800, 2.8901966136529677E7
28864, 2.929546358771994E7
28928, 2.9360420269732624E7
28992, 2.9425376951745305E7
29056, 2.937917087967644E7
29120, 2.944364454079239E7
29184, 2.9620246997783355E7
29248, 2.9462012055571675E7
29312, 2.9306138772245552E7
29376, 2.9370125974805042E7
29440, 2.889515299512394E7
29504, 2.9279601136886902E7
29568, 2.9562087582483504E7
29632, 2.9298234512434345E7
29696, 2.9470140840597663E7
29760, 2.9533654075167917E7
29824, 2.948807188508511E7
29888, 2.922768807109776E7
29952, 2.9290274126924522E7
30016, 2.9460261624711443E7
30080, 2.952330849501794E7
30144, 2.9370956426845428E7
30208, 3.149474948495742E7
30272, 3.1561475649120465E7
30336, 3.150548354935194E7
30400, 3.132909566092025E7
30464, 3.1395310490386833E7
30528, 3.146100764265044E7
30592, 3.164881730753315E7
30656, 3.1351758218382344E7
30720, 3.141746778482307E7
30784, 2.704431247144815E7
30848, 3.1428291983177386E7
30912, 3.1613568307888668E7
30976, 3.1439034094138473E7
31040, 3.1504246577567026E7
31104, 3.1449949443882708E7
31168, 3.1514661274014153E7
31232, 3.1579373104145598E7
31296, 3.0164237797825586E7
31360, 3.147128245476003E7
31424, 2.9337954110898662E7
31488, 2.29894456483012E7
31552, 1.7911559404704053E7
31616, 2.20035967417751E7
31680, 3.143930071373564E7
31744, 2.708828267933699E7
31808, 2.88911495422177E7
31872, 2.934698537807079E7
31936, 2.900741171341375E7
32000, 2.946484475709919E7
32064, 2.9523774446613386E7
32128, 2.9582704136127584E7
32192, 2.954023241644093E7
32256, 2.9598960512696277E7
32320, 2.945594003820523E7
32384, 2.7900885687700313E7
32448, 2.9572597226475347E7
32512, 2.953059148379596E7
32576, 2.629098281272194E7
32640, 3.145963451306963E7
32704, 2.950495478264635E7
32768, 3.1583005628807157E7
32832, 3.141866286947934E7
32896, 2.9479449697821304E7
32960, 2.8397146500327393E7
33024, 3.160239774006109E7
33088, 3.1439082976071022E7
33152, 3.1611869707834315E7
33216, 2.871011907231465E7
33280, 2.9333164103540428E7
33344, 2.9197489352163192E7
33408, 2.925353059852051E7
33472, 3.1579980224773373E7
33536, 2.7734222522147022E7
33600, 2.9421654337592468E7
33664, 2.9286082151357822E7
33728, 2.868983538730597E7
33792, 2.9493293487595916E7
33856, 2.9549358320881452E7
33920, 2.9413601015601695E7
33984, 2.9279387944997758E7
34048, 2.9429051507754862E7
34112, 2.948436927374688E7
34176, 2.9256666986261964E7
34240, 2.9218008669829678E7
34304, 2.936644363327558E7
34368, 2.9421030283937596E7
34432, 1.1022642002310043E7
34496, 1.6417597898303796E7
34560, 1.5856585988944435E7
34624, 1.5913227318687381E7
34688, 1.5439451073390802E7
34752, 1.5649880752520049E7
34816, 1.5784815819635266E7
34880, 1.5813832025186067E7
34944, 1.5736344182091983E7
35008, 1.5738686021126382E7
35072, 1.6662105871263947E7
35136, 1.5358200656709947E7
35200, 1.4853122869083226E7
35264, 1.6963828714589737E7
35328, 2.9397667359003037E7
35392, 2.9634790064574905E7
35456, 6051164.56245793
35520, 2.928450823132123E7
35584, 2.9427915500598747E7
35648, 2.975626043405676E7
35712, 2.9625107012735344E7
35776, 2.626324320514929E7
35840, 2.95483326298016E7
35904, 2.897689854211593E7
35968, 2.965386238919375E7
36032, 2.970682320350889E7
36096, 2.9668010231255304E7
36160, 2.6257239620548032E7
36224, 2.6303712611026876E7
36288, 2.9644152534065288E7
36352, 2.960607758564522E7
36416, 2.9568233635814454E7
36480, 1.8373538880584083E7
36544, 1.7966709669299267E7
36608, 2.88500942545693E7
36672, 2.941950389885441E7
36736, 2.9559440739500992E7
36800, 2.9346466940567024E7
36864, 2.939769182185305E7
36928, 2.9536539950473826E7
36992, 2.949976714067893E7
37056, 2.955061627580575E7
37120, 2.9513910974849567E7
37184, 2.956479702825448E7
37248, 2.9528158295281585E7
37312, 2.940471837290529E7
37376, 2.9629441720942914E7
37440, 2.9419160170983154E7
37504, 2.955602910209691E7
37568, 2.9693892391256236E7
37632, 2.9656902921557993E7
37696, 2.9707527125771534E7
37760, 2.941176470588235E7
37824, 2.9547599257560324E7
37888, 2.9597595195390373E7
37952, 2.9475724777254485E7
38016, 2.9611166500498503E7
38080, 2.9575137002472878E7
38144, 2.9539315540356357E7
38208, 2.95888781503234E7
38272, 2.9638257141618084E7
38336, 2.9602174450210035E7
38400, 2.956648146551193E7
38464, 2.9615758934621118E7
38528, 2.9665036403730303E7
38592, 2.9460261624711446E7
38656, 2.9763591341948677E7
38720, 2.9558154447464045E7
38784, 2.9028028093957882E7
38848, 2.923927311263382E7
38912, 2.962024699778335E7
38976, 2.941833573856809E7
39040, 2.946664170858216E7
39104, 1.4841083812045325E7
39168, 2.9480301306020703E7
39232, 2.818261229368765E7
39296, 2.9166914078736417E7
39360, 2.8973558683234204E7
39424, 2.8550075604400698E7
39488, 2.8988230872230966E7
39552, 2.8876986607012484E7
39616, 2.8845033668072414E7
39680, 2.8581142208469465E7
39744, 2.8781813231059793E7
39808, 2.8906200077842258E7
39872, 2.9031431300822478E7
39936, 2.6099231452919956E7
40000, 1.5784821315822704E7
40064, 1.619160933216078E7
40128, 1.816239703086811E7
40192, 2.9185207561199475E7
40256, 2.9073932838752918E7
40320, 2.935779816513761E7
40384, 2.847569299502465E7
40448, 2.9371100602990557E7
40512, 2.849089405370736E7
40576, 2.619807646615221E7
40640, 2.8884314907263156E7
40704, 2.885318785761678E7
40768, 2.920762286860582E7
40832, 2.79816890984348E7
40896, 2.9066098081023455E7
40960, 1.5656343265326094E7
41024, 2.946990942945152E7
41088, 2.959514123382236E7
41152, 2.9325914439478245E7
41216, 2.9371522393505428E7
41280, 2.933918600816494E7
41344, 5955913.791374758
41408, 1.6126670384690879E7
41472, 2.9553954209614158E7
41536, 2.9442954276090074E7
41600, 2.9333122736554712E7
41664, 2.7909369574071296E7
41728, 2.546899872069063E7
41792, 2.7649428116250392E7
41856, 2.8756891045900002E7
41920, 2.894931659723987E7
41984, 2.840779915339562E7
42048, 2.9263892832684696E7
42112, 2.630250883162697E7
42176, 2.9661303026893217E7
42240, 2.9321441859690238E7
42304, 2.9214501176756572E7
42368, 2.941029471381051E7
42432, 2.930289603659547E7
42496, 2.9575684689349525E7
42560, 2.946715409327573E7
42624, 2.9060919935202003E7
42688, 2.9403823158265967E7
42752, 2.967685327617133E7
42816, 2.949215305942514E7
42880, 2.9765706130291604E7
42944, 2.973302315276393E7
43008, 2.9624241622720733E7
43072, 2.929191262479258E7
43136, 2.9560431126169097E7
43200, 2.937896139930905E7
43264, 2.9200075591911666E7
43328, 2.946601017382552E7
43392, 2.9584701480325952E7
43456, 2.962833673324679E7
43520, 2.967181014405009E7
43584, 2.6361630472651258E7
43648, 2.96836321101167E7
43712, 2.95768624924894E7
43776, 2.9620327166040555E7
43840, 2.966363173792073E7
43904, 2.9632029372857105E7
43968, 2.9675224750951648E7
44032, 2.964383237016012E7
44096, 2.939153340407493E7
44160, 2.9581200932450898E7
44224, 2.9550277702048954E7
44288, 2.6370694993569285E7
44352, 2.9488734282249313E7
44416, 2.9604824647936143E7
44480, 1.6833691604347695E7
44544, 1.778748933804855E7
44608, 2.8390894140050206E7
44672, 2.9194332618811104E7
44736, 8519442.214201812
44800, 2.6382489564783145E7
44864, 2.9681851622498505E7
44928, 2.9724193778878674E7
44992, 2.9766535935258843E7
45056, 2.9662556815488573E7
45120, 2.970453468162427E7
45184, 2.9746668773371253E7
45248, 2.9715870880968396E7
45312, 2.983109407012203E7
45376, 2.55427611580706E7
45440, 2.9696396175020523E7
45504, 2.95221338149884E7
45568, 2.956380924699483E7
45632, 2.9533745825458873E7
45696, 2.943298225364305E7
45760, 2.8918099089989886E7
45824, 2.951542758208463E7
45888, 2.948569666126918E7
45952, 2.9526820366515025E7
46016, 2.7278504424694825E7
46080, 2.953815858298889E7
46144, 2.687866389554228E7
46208, 2.9620360921226043E7
46272, 2.9732438892744236E7
46336, 2.977356259799008E7
46400, 2.9814686303235922E7
46464, 2.964248347666318E7
46528, 1.6779327038200665E7
46592, 2.958342434232248E7
46656, 2.7176774854959343E7
46720, 2.9735082815260615E7
46784, 2.9705334058018863E7
46848, 2.9816548795576397E7
46912, 2.9164552932867818E7
46976, 2.9756656227512747E7
47040, 2.9587287530065313E7
47104, 2.9837737034672182E7
47168, 2.973767697095331E7
47232, 2.9708201456225187E7
47296, 2.9748306781929616E7
47360, 2.96493661947142E7
47424, 2.9759036144578315E7
47488, 2.9729648513016738E7
47552, 2.9839357429718878E7
47616, 2.9740222751870006E7
47680, 2.9711015508551884E7
47744, 2.968179602717516E7
47808, 2.979062811565304E7
47872, 2.9830508474576272E7
47936, 2.95950925093596E7
48000, 2.759978472167917E7
48064, 2.926948091491487E7
48128, 2.944228021063759E7
48192, 2.941434974950927E7
48256, 2.905629657461331E7
48320, 2.9358725714646794E7
48384, 2.9666691192701053E7
48448, 2.963804005246364E7
48512, 2.934231409437541E7
48576, 2.9581272988575745E7
48640, 1.7262183609443095E7
48704, 1.45974200354865E7
48768, 1.5556258740188021E7
48832, 1.5039483572123736E7
48896, 1.5341403969387474E7
48960, 1.5379473428944068E7
49024, 1.5327663831915958E7
49088, 1.5733212308623267E7
49152, 1.6041566036996905E7
49216, 1.392532566746268E7
49280, 1.5073544705539774E7
49344, 1.3491403823439345E7
49408, 1.523441161525217E7
49472, 1.5449725932255052E7
49536, 2.476314642330103E7
49600, 2.9932747874533508E7
49664, 2.9903948978313856E7
49728, 2.960986995665222E7
49792, 2.964797789739437E7
49856, 2.9620334987357173E7
49920, 2.9205006037573364E7
49984, 1.5429789272740295E7
50048, 1.4205719527868733E7
50112, 1.5433741351782864E7
50176, 1.280428551596861E7
50240, 1.273572756899702E7
50304, 1.7126841584886543E7
50368, 3.0124834327765472E7
50432, 3.0096007409423143E7
50496, 2.993412784604222E7
50560, 3.0172393215030815E7
50624, 3.0076617426186807E7
50688, 2.9207982408828776E7
50752, 2.982198007793954E7
50816, 2.985958661019419E7
50880, 3.0028895729853258E7
50944, 2.9934799674703497E7
51008, 3.0170965650715236E7
51072, 2.981380382853327E7
51136, 2.972179986143466E7
51200, 2.9823621240010254E7
51264, 2.9860900766560268E7
51328, 2.9963386385713216E7
51392, 2.9741566895376723E7
51456, 2.9778604961248923E7
51520, 2.9751317789347734E7
51584, 2.9852681092993323E7
51648, 2.976102670010326E7
51712, 2.9798042659512185E7
51776, 1.9161931944349866E7
51840, 2.3463468682786938E7
51904, 3.0102817267362013E7
51968, 3.0140075257392347E7
52032, 2.998243648785075E7
52096, 2.9826819403921638E7
52160, 2.9736386025722884E7
52224, 2.9709729390240572E7
52288, 2.9683050778180957E7
52352, 2.940779953803151E7
52416, 1.614333865531311E7
52480, 1.6125979296799142E7
52544, 1.5286647922989555E7
52608, 1.5173470423731161E7
52672, 1.4856098469036631E7
52736, 1.6449855639540542E7
52800, 1.6566265060240965E7
52864, 1.5773668857984465E7
52928, 1.5988632024630614E7
52992, 1.5918217275014598E7
53056, 1.5866294411628902E7
53120, 1.6608304152076038E7
53184, 1.630490765948054E7
53248, 1.6158163562564332E7
53312, 1.5996389770375954E7
53376, 1.5733696805625645E7
53440, 1.5892426354781765E7
53504, 1.5599816198337855E7
53568, 1.5318448023426061E7
53632, 1.5063442167302174E7
53696, 1.519287618892405E7
53760, 1.519499107972622E7
53824, 1.5900738552437223E7
53888, 3.0144232275271975E7
53952, 3.011722675002791E7
54016, 2.9965605236880064E7
54080, 3.0063417801456917E7
54144, 3.0036747084198754E7
54208, 2.9948112331939645E7
54272, 2.9983470197738867E7
54336, 2.9957128491028737E7
54400, 2.9992413683597676E7
54464, 3.0027698876166616E7
54528, 3.0125034805552978E7
54592, 2.9913686914515417E7
54656, 2.988757163480467E7
54720, 2.992243789125556E7
54784, 2.9957565947766744E7
54848, 3.0053830372955058E7
54912, 2.9844905625921242E7
54976, 2.987955998086873E7
55040, 2.9975209456132937E7
55104, 3.0071248952221293E7
55168, 2.9984042715086374E7
55232, 3.0202413918308247E7
55296, 2.9992710105182767E7
55360, 1.757531734622867E7
55424, 2.719902636279764E7
55488, 2.9975495810086045E7
55552, 3.0192617070307404E7
55616, 3.004464343594553E7
55680, 3.00187617260788E7
55744, 2.9813196874919776E7
55808, 2.9967051707769696E7
55872, 3.0122274697548036E7
55936, 2.9975777582474116E7
56000, 2.9654231658857718E7
56064, 2.9805929712786183E7
56128, 3.1998540545471128E7
56192, 2.9992997079269648E7
56256, 2.996739894739085E7
56320, 2.9706270808103397E7
56384, 2.9857574961661316E7
56448, 2.9773785059939995E7
56512, 2.9807542185858294E7
56576, 2.9900219854557756E7
56640, 2.9933917072902616E7
56704, 3.0026900510474253E7
56768, 3.0180076726125162E7
56832, 2.9800282733538322E7
56896, 3.0069211613345113E7
56960, 3.022238069163409E7
57024, 3.007747227707732E7
57088, 3.017068251867699E7
57152, 3.0145113445041288E7
57216, 2.8980809128630705E7
57280, 3.0153208621459313E7
57344, 3.0068753749155782E7
57408, 3.0161272018863406E7
57472, 3.019502353732347E7
57536, 3.0169430380012333E7
57600, 3.0144063503493782E7
57664, 3.0177556907386553E7
57728, 3.009337453656787E7
57792, 3.024441709161245E7
57856, 3.0218953702156108E7
57920, 3.0193589283778034E7
57984, 3.0168323260576397E7
58048, 3.031923784054822E7
58112, 3.023479415449547E7
58176, 3.020937188434696E7
58240, 3.018417321071704E7
58304, 3.0217342631827716E7
58368, 3.0134066859960847E7
58432, 3.0166984003733702E7
58496, 3.031685089515975E7
58560, 3.017499020961725E7
58624, 3.0266108814260755E7
58688, 3.012495944874938E7
58752, 3.0157934937047776E7
58816, 3.0132999979506936E7
58880, 3.028158583348419E7
58944, 3.0256366033040542E7
59008, 3.0173612815603882E7
59072, 9948546.183808282
59136, 3.012421347765135E7
59200, 3.01568154402895E7
59264, 3.0132071864665996E7
59328, 3.0221896203924447E7
59392, 3.0197151933488168E7
59456, 3.0172501288989387E7
59520, 3.0204979761851594E7
59584, 3.0180238589211617E7
59648, 3.0155590877286647E7
59712, 3.018806875631951E7
59776, 3.0050271465915944E7
59840, 3.0195747566779833E7
59904, 3.0171163330432262E7
59968, 3.020339747928956E7
60032, 3.023563162814686E7
60096, 3.0154505714182496E7
60160, 2.974107075764587E7
60224, 3.016231073430482E7
60288, 3.019436419948474E7
60352, 3.0282959412645467E7
60416, 3.0201959608078387E7
60480, 3.023395320935813E7
60544, 3.0097554573690888E7
60608, 3.0241581376039855E7
60672, 3.0217186024551466E7
60736, 3.024918121618283E7
60800, 3.0168786420870453E7
60864, 3.0256632557695597E7
60928, 2.990008440806392E7
60992, 3.015238343833672E7
61056, 3.0073173326608375E7
61120, 3.0215662312289156E7
61184, 3.0247301749265373E7
61248, 3.0223239839725245E7
61312, 3.025482107257762E7
61376, 3.0175261948963217E7
61440, 3.0151345621577058E7
61504, 3.0238192630817156E7
61568, 3.0214279544901337E7
61632, 3.0190217178327624E7
61696, 3.016647890849919E7
61760, 3.0308502869885437E7
61824, 3.017394529801066E7
61888, 3.0150322899980906E7
61952, 3.0126786151948866E7
62016, 3.010321768913535E7
62080, 3.0189031577882644E7
62144, 3.0220154290849533E7
62208, 3.0141871462904103E7
62272, 3.0227482777635396E7
62336, 3.0258549049760405E7
62400, 3.0289615321885414E7
62464, 3.0211340086517103E7
62528, 3.0187746463097643E7
62592, 3.027324857030095E7
62656, 3.0249543282878805E7
62720, 2.985017799691599E7
62784, 3.0698460383026663E7
62848, 3.0125125105932612E7
62912, 3.020978591157568E7
62976, 3.00254025890807E7
63040, 3.0109433270159565E7
63104, 3.0032934188733842E7
63168, 3.027851168997504E7
63232, 3.025500868912825E7
63296, 3.017785558721331E7
63360, 3.0154656838482216E7
63424, 3.0078382869586993E7
63488, 3.016206026330992E7
63552, 3.118779812731877E7
63616, 3.322747785391944E7
63680, 3.313187819456238E7
63744, 3.3424641444374062E7
63808, 3.3198336753339186E7
63872, 3.3361190038442254E7
63936, 3.256922794791858E7
64000, 3.3298231447682235E7
