Message Length(bits), Throughput (Octet/sec)
64, 53926.525109538255
128, 797607.1784646062
192, 886983.5168896444
256, 939628.8466055908
320, 963414.3404224572
384, 989343.9412989261
448, 992081.0671957766
512, 1008731.8349462535
576, 1008728.301833924
640, 1020746.6761936356
704, 1025186.9801253524
768, 1923231.0281272538
832, 2685881.0464605773
896, 2697495.183044316
960, 2707642.3204494687
1024, 2743778.2684186837
1088, 2750252.780586451
1152, 2780835.409304212
1216, 2715206.945213555
1280, 2788379.4287307644
1344, 2813410.5904812943
1408, 3309328.1687757364
1472, 3866845.9986550105
1536, 3846384.999098503
1600, 3897419.90802089
1664, 3877052.6943652257
1728, 3923776.9986739084
1792, 3935762.729732579
1856, 3915810.0832109647
1920, 3476044.261630265
1984, 3967238.2902482725
2048, 3976451.948616785
2112, 3985206.430674013
2176, 3966344.4011840704
2240, 3974844.9100691336
2304, 3982906.692113015
2368, 4015791.8300343244
2432, 4022494.2110486277
2496, 3778520.5638715304
2560, 4035003.6567220637
2624, 5492941.235576842
2688, 5498011.879632812
2752, 9217577.706323687
2816, 9315126.495183656
2880, 9186720.08574272
2944, 2.0226448279652633E7
3008, 2.0667289616885614E7
3072, 2.0077381574819617E7
3136, 2.049566035762836E7
3200, 2.0912845715480734E7
3264, 2.08237635890369E7
3328, 2.073778664007976E7
3392, 2.0656728052226447E7
3456, 2.0578288000762157E7
3520, 1.813834611262264E7
3584, 1.3525344926486127E7
3648, 2.3272430335817087E7
3712, 2.368192721890471E7
3776, 2.4090236308885828E7
3840, 2.338383592341794E7
3904, 2.3773566522141572E7
3968, 2.416447432524603E7
4032, 2.4009146341463413E7
4096, 2.385945291020085E7
4160, 2.423112767940354E7
4224, 2.4080999726352274E7
4288, 2.4445863358569734E7
4352, 2.4810726990787193E7
4416, 2.4651661307609864E7
4480, 2.449800953672514E7
4544, 2.4350510160336107E7
4608, 2.4694533762057878E7
4672, 2.454606590450572E7
4736, 2.488231338264963E7
4800, 2.4266936299292214E7
4864, 2.4590495449949443E7
4928, 2.4914054600606672E7
4992, 2.477075145885435E7
5056, 2.4631693818692025E7
5120, 2.4068293783610996E7
5184, 2.136991722454902E7
5248, 2.0679002616398197E7
5312, 2.5417240851324454E7
5376, 2.5271708472791545E7
5440, 2.5572562145086683E7
5504, 2.4996366807150126E7
5568, 2.3311116321130723E7
5632, 2.5151839942836728E7
5696, 2.5436747525990497E7
5760, 2.3384215654433258E7
5824, 2.5582457743261766E7
5888, 2.3547478884054262E7
5952, 2.572347266881029E7
6016, 2.5586934331405237E7
6080, 2.585825592868565E7
6144, 2.5722611112971835E7
6208, 2.5991425509110395E7
6272, 2.585496158031857E7
6336, 2.357914793533597E7
6400, 2.5982461838259175E7
6464, 2.585103660097261E7
6528, 2.6106987458407987E7
6592, 2.636293831584336E7
6656, 2.3779581570824284E7
6720, 2.400823139362067E7
6784, 2.3607360596865345E7
6848, 2.621264086232239E7
6912, 2.608538131755329E7
6976, 2.5960880050016373E7
7040, 2.3878005101210177E7
7104, 2.4095077874857545E7
7168, 2.4623502253490165E7
7232, 2.618620010428133E7
7296, 2.6417936388390012E7
7360, 2.6294729621584546E7
7424, 2.396694214876033E7
7488, 2.4468029487112455E7
7552, 2.40896215581698E7
7616, 2.6502602934216756E7
7680, 2.540489044140997E7
7744, 2.4127617148554336E7
7808, 2.6151496476514563E7
7872, 2.66992266992267E7
7936, 2.6580209533506606E7
8000, 2.6795284030010715E7
8064, 2.6675840897663217E7
8128, 2.6560008365356963E7
8192, 2.6446280991735537E7
8256, 2.6978276213630304E7
8320, 2.423169225750833E7
8384, 2.674356291627325E7
8448, 2.694771225151198E7
8512, 2.7151861586750705E7
8576, 2.7033842739698395E7
8640, 2.691924227318046E7
8704, 2.6806612954887033E7
8768, 2.610393940837422E7
8832, 2.6892066353250675E7
8896, 2.7086936399288725E7
8960, 2.6975601531828802E7
9024, 2.6866098223217264E7
9088, 2.7056637926928025E7
9152, 2.694744776576449E7
9216, 2.6552344074125294E7
9280, 2.7027656748759292E7
9344, 2.6921126630710367E7
9408, 2.7106142676040106E7
9472, 2.728990918729544E7
9536, 2.7182340600200675E7
9600, 2.7364772416309405E7
9664, 2.697391925687746E7
9728, 2.715194819694094E7
9792, 2.7049125986166053E7
9856, 2.722591765927825E7
9920, 2.7122796272802837E7
9984, 2.4542772861356933E7
10048, 2.7472767837613195E7
10112, 2.7368785726658586E7
10176, 2.7266296542410668E7
10240, 2.716641551881486E7
10304, 2.7335625450995374E7
10368, 2.7236045729657028E7
10432, 2.6621480921952512E7
10496, 2.7304890738813736E7
10560, 2.720695838572047E7
10624, 2.475349027940875E7
10688, 2.7274211987587783E7
10752, 2.441505595116989E7
10816, 2.7340748230535895E7
10880, 2.750252780586451E7
10944, 2.932413024372468E7
11008, 2.8917283120376598E7
11072, 2.9667102527277015E7
11136, 2.9543476876711164E7
11200, 2.971263635977758E7
11264, 2.9589778076664425E7
11328, 2.946930280957336E7
11392, 2.9635179288672455E7
11456, 2.9234035603462357E7
11520, 2.9680318238967784E7
11584, 2.9845208895850938E7
11648, 2.9724598330032866E7
11712, 2.96056622851365E7
11776, 2.9767441860465113E7
11840, 2.9929221435793728E7
11904, 2.98094837430134E7
11968, 2.9692555028481826E7
12032, 2.9577769474325944E7
12096, 2.9734513274336282E7
12160, 2.9620391300958764E7
12224, 2.97762880972796E7
12288, 2.966281719516434E7
12352, 2.9816735221984047E7
12416, 2.997180487428064E7
12480, 2.9857030756569505E7
12544, 2.974485440576686E7
12608, 2.9896046741027392E7
12672, 2.9784513557218608E7
12736, 2.70840421912215E7
12800, 3.0085367229513746E7
12864, 2.997259967566963E7
12928, 2.9862330222673934E7
12992, 2.975339855630061E7
13056, 2.9900514831168357E7
13120, 2.9792181368987065E7
13184, 3.0193103953684364E7
13248, 2.982977573628749E7
13312, 2.9723839805651817E7
13376, 2.98672763973491E7
13440, 3.001018202604455E7
13504, 2.990362811791383E7
13568, 1.50850759145772E7
13632, 2.467991425757488E7
13696, 2.26529937148528E7
13760, 2.814458462192987E7
13824, 2.7235759543548845E7
13888, 2.531460985461598E7
13952, 2.7898197174987603E7
14016, 2.8026170556524243E7
14080, 2.5320097827650696E7
14144, 2.8072849680052083E7
14208, 2.820032392263965E7
14272, 2.619292321245045E7
14336, 2.8038553010389287E7
14400, 2.795986206468048E7
14464, 2.8288897233696334E7
14528, 2.820795601050032E7
14592, 2.8128614388156377E7
14656, 2.550004871734198E7
14720, 2.7973303738388795E7
14784, 2.809449968074432E7
14848, 2.80176317855202E7
14912, 2.8137972677183185E7
14976, 2.825873650841573E7
15040, 2.5506050903565418E7
15104, 2.8301179715489198E7
15168, 2.8223525558962755E7
15232, 2.566902595214021E7
15296, 2.8072236088680077E7
15360, 2.5405226596096594E7
15424, 2.811438237309885E7
15488, 2.8231039561368972E7
15552, 2.8156366322436742E7
15616, 2.5513671772886492E7
15680, 2.838769480331383E7
15744, 2.556707459661704E7
15808, 2.8238253115353838E7
15872, 2.8352172856795806E7
15936, 2.556894759135893E7
16000, 2.8391749357636668E7
16064, 2.8317585671978567E7
16128, 2.8244788164088767E7
16192, 2.8356473373775866E7
16256, 2.8101619438797385E7
16320, 2.8212255735800523E7
16384, 2.8322892032803662E7
16448, 2.562313060817547E7
16512, 2.8361387839230508E7
16576, 2.8471315699072488E7
16640, 2.5624283936777007E7
16704, 2.8327996960981168E7
16768, 2.8257499157398045E7
16832, 2.8365352207617123E7
16896, 2.8472821397756685E7
16960, 2.822602119614422E7
17024, 2.8509418289970797E7
17088, 2.826368857014317E7
17152, 2.819531568495943E7
17216, 2.830014991715105E7
17280, 2.8405728488578532E7
17344, 2.8336905944476392E7
17408, 2.8441841922961295E7
17472, 2.8373216930392083E7
17536, 2.8477148127939306E7
17600, 2.694790480040177E7
17664, 2.817260826294434E7
17728, 2.8444170613680415E7
17792, 2.8546490732659034E7
17856, 2.847883226580243E7
17920, 2.5677178261517473E7
17984, 2.83459006884725E7
18048, 2.8446417088025015E7
18112, 2.567766814109107E7
18176, 2.8480457291849475E7
18240, 2.858109886803806E7
18304, 2.8514456630109668E7
18368, 2.8448938121081457E7
18432, 2.838417188192973E7
18496, 2.864718856094962E7
18560, 2.841779051678732E7
18624, 2.8679487021546572E7
18688, 2.8613775278972063E7
18752, 2.8548461744574085E7
18816, 2.848423194303154E7
18880, 2.858111708569491E7
18944, 2.851672105877961E7
19008, 1.6066646831300206E7
19072, 1.4769566267896637E7
19136, 2.832814220916875E7
19200, 2.8422885159701087E7
19264, 2.8517628110233426E7
19328, 2.8455332430363346E7
19392, 2.8549555385430776E7
19456, 2.8487091786534227E7
19520, 2.8581134108772296E7
19584, 2.85188378107598E7
19648, 2.8457215688546438E7
19712, 2.854991020218991E7
19776, 2.5848277304334186E7
19840, 2.8580977515529383E7
19904, 2.5764228315798193E7
19968, 1758830.26512816
20032, 2.8550579221016146E7
20096, 2.8340309351625167E7
20160, 2.8580825895135585E7
20224, 2.8671558675755065E7
20288, 2.576371745248037E7
20352, 2.825505070137832E7
20416, 2.864068953133417E7
20480, 2.5763339572892137E7
20544, 2.867031372111198E7
20608, 2.580309116224094E7
20672, 2.8699312504859112E7
20736, 2.863993458780372E7
20800, 2.858116501225692E7
20864, 2.8669107058448482E7
20928, 2.57229667941671E7
20992, 2.8697668314449452E7
21056, 2.86388910046462E7
21120, 2.872593930557218E7
21184, 2.823991127036942E7
21248, 2.860989928367534E7
21312, 2.869576457408764E7
21376, 2.5799972964100186E7
21440, 2.8723928747508094E7
21504, 2.5838203629652414E7
21568, 2.8751812985240165E7
21632, 2.5876093322360236E7
21696, 2.8637198792000167E7
21760, 2.579861901509978E7
21824, 2.587474272272861E7
21888, 2.595037559754154E7
21952, 2.8692424321639568E7
22016, 2.8636538641637444E7
22080, 2.871978439350267E7
22144, 2.8664036368531693E7
22208, 2.598496691035374E7
22272, 2.8690974297668856E7
22336, 2.8230535894843273E7
22400, 2.871765417790587E7
22464, 2.866271295436218E7
22528, 2.590687875470344E7
22592, 2.5869334212744128E7
22656, 2.8770546762297582E7
22720, 2.7422126952860978E7
22784, 2.866142683184558E7
22848, 2.874222571100779E7
22912, 2.8822736147173077E7
22976, 2.824019901867275E7
23040, 2.8714144707325097E7
23104, 2.866017644665416E7
23168, 2.8739852728102732E7
23232, 2.8686297946321853E7
23296, 2.863323500491642E7
23360, 2.8844634107792005E7
23424, 2.86592408433334E7
23488, 2.873754478006382E7
23552, 2.804744438622398E7
23616, 2.6365853005010583E7
23680, 3.08009281901333E7
23744, 3.0734818987656366E7
23808, 3.081798129795893E7
23872, 3.0752107508708287E7
23936, 3.0834552837149862E7
24000, 2.8580955556614112E7
24064, 2.8404959536153052E7
24128, 2.873338731958272E7
24192, 1.6124818035907581E7
24256, 1.6289077399979584E7
24320, 1.444887522160487E7
24384, 2.9038250845519938E7
24448, 2.911446672700424E7
24512, 2.90616611812465E7
24576, 2.7323911090554927E7
24640, 2.88305828832455E7
24704, 2.8779660385095716E7
24768, 2.8980352144976646E7
24832, 2.880368212018856E7
24896, 2.8386390586518288E7
24960, 2.9077895207739193E7
25024, 2.8777243162184786E7
25088, 2.872768245650999E7
25152, 2.892444133692742E7
25216, 2.8873987761533108E7
25280, 2.8947537169187363E7
25344, 2.7493317596417535E7
25408, 2.8604881563541386E7
25472, 2.832009534906474E7
25536, 2.862882973380211E7
25600, 2.8462407385994717E7
25664, 2.8182872403977934E7
25728, 2.8369294825426508E7
25792, 2.8557256235827666E7
25856, 2.827770243667702E7
25920, 2.881818747831965E7
25984, 2.8889343496784635E7
26048, 2.825702086298469E7
26112, 2.867459083361885E7
26176, 2.886328752139165E7
26240, 2.8933857906529523E7
26304, 2.90044282916674E7
26368, 2.895596865446112E7
26432, 2.9025995133050453E7
26496, 2.8977645566297736E7
26560, 2.8812441420488074E7
26624, 2.8535416327265553E7
26688, 2.509100755137038E7
26752, 2.9020724129551843E7
26816, 2.806758997203289E7
26880, 2.8925370821532182E7
26944, 2.8878142470075797E7
27008, 2.8946736632712558E7
27072, 2.8558649034120157E7
27136, 2.896817941141305E7
27200, 2.903650058927016E7
27264, 2.898945219462402E7
27328, 2.9057502551888395E7
27392, 2.9010311199979667E7
27456, 2.8850033624747813E7
27520, 2.8692250590109516E7
27584, 2.842703206285606E7
27648, 2.8825702918435607E7
27712, 2.8892188099487882E7
27776, 2.8846792954469923E7
27840, 2.891326021934197E7
27904, 2.8756812017181534E7
27968, 2.893416979789118E7
28032, 2.888896217392738E7
28096, 2.4284667192189075E7
28160, 2.8799109845695682E7
28224, 2.864589676759311E7
28288, 2.9040974383823782E7
28352, 2.855945588756729E7
28416, 2.917238150773249E7
28480, 2.912661075884639E7
28544, 2.9191824979955167E7
28608, 2.903563685966921E7
28672, 2.921135852378313E7
28736, 2.8946265673854884E7
28800, 2.9120323559150655E7
28864, 2.91850353892821E7
28928, 2.881481540508881E7
28992, 2.9094879493890394E7
29056, 2.90501899620076E7
29120, 2.847665540117662E7
29184, 2.9178164367126577E7
29248, 2.92423854619913E7
29312, 2.898183889134974E7
29376, 2.8938222568976525E7
29440, 2.9001268805510245E7
29504, 2.8957741170558583E7
29568, 2.9127361278577678E7
29632, 2.9190407515111398E7
29696, 2.9146186340865906E7
29760, 2.910251595944424E7
29824, 2.9165102015271E7
29888, 2.9016123520457298E7
29952, 2.8973170410840172E7
30016, 2.8723884767613664E7
30080, 2.9096987378407866E7
30144, 2.9264655627698902E7
30208, 2.91155833140566E7
30272, 3.119718367919006E7
30336, 3.1143488366363063E7
30400, 3.0971864506243274E7
30464, 3.1037068431519575E7
30528, 3.122085317362918E7
30592, 3.116747628207218E7
30656, 3.1232425647754967E7
30720, 2.8189486202567883E7
30784, 3.112639029322548E7
30848, 3.1073969909179553E7
30912, 3.125581395348837E7
30976, 3.1202656093865845E7
31040, 3.103379324135173E7
31104, 3.109802917839775E7
31168, 3.0930945235713493E7
31232, 3.1225754849030197E7
31296, 3.1289742051589686E7
31360, 3.100677086629121E7
31424, 3.1184998173994508E7
31488, 1.5859201237791317E7
31552, 1.814217503702954E7
31616, 1.5804839032193562E7
31680, 3.0980097634247094E7
31744, 2.7796458193230215E7
31808, 2.918786383890883E7
31872, 2.8657747086750105E7
31936, 2.900741171341375E7
32000, 2.9164297067529928E7
32064, 2.922262566166499E7
32128, 2.9181804970207818E7
32192, 2.629790348721702E7
32256, 2.6350357808058035E7
32320, 2.896327256303455E7
32384, 2.9216045729462884E7
32448, 2.927399623248865E7
32512, 2.9038112522686027E7
32576, 2.9290749532441374E7
32640, 2.7941951964497287E7
32704, 3.1184682279350065E7
32768, 3.1025132174940538E7
32832, 3.1306974650809754E7
32896, 2.816091166842444E7
32960, 2.7427171539649572E7
33024, 2.920348347753497E7
33088, 3.1327874688501246E7
33152, 3.138847019080009E7
33216, 2.746958299426394E7
33280, 2.9141448105805874E7
33344, 2.9102283914843697E7
33408, 2.906357657375509E7
33472, 2.785322468978005E7
33536, 2.834654188417949E7
33600, 2.8046744574290484E7
33664, 2.919140906820578E7
33728, 2.868983538730597E7
33792, 2.9113967674122065E7
33856, 2.9263300557330344E7
33920, 2.922424785470586E7
33984, 2.9092303688586336E7
34048, 2.914709145447821E7
34112, 2.9201879220370088E7
34176, 2.9163594658802327E7
34240, 2.894160287793135E7
34304, 2.8634390651085142E7
34368, 2.8161443208411723E7
34432, 2.883114621222778E7
34496, 1.2357071213640923E7
34560, 1.6160951101900034E7
34624, 1.5697767202982865E7
34688, 1.5780183786734601E7
34752, 1.580929851696843E7
34816, 1.5678701895710694E7
34880, 1.5760498263091877E7
34944, 1.5869728710475545E7
35008, 1.568610582386109E7
35072, 1.5636313054395394E7
35136, 1.6038504095442247E7
35200, 1.5336140311741907E7
35264, 1.5515390436634343E7
35328, 2.912621359223301E7
35392, 2.9269131783868898E7
35456, 2.9231743351625156E7
35520, 2.9016573430229515E7
35584, 2.924737970305493E7
35648, 2.9299982903959706E7
35712, 2.926272869700883E7
35776, 2.626324320514929E7
35840, 2.9278175342286706E7
35904, 2.9330266115961727E7
35968, 2.929333732945883E7
36032, 2.925644206847722E7
36096, 2.9308407329700094E7
36160, 2.9271767639154226E7
36224, 2.9323576077453613E7
36288, 2.9375384515753E7
36352, 2.9250457038391225E7
36416, 2.9301954321909517E7
36480, 1.9948379194190472E7
36544, 1.8939739454197176E7
36608, 1.6106721106633112E7
36672, 2.9071352921404608E7
36736, 2.920859465442009E7
36800, 2.9259480707825E7
36864, 2.9223744292237446E7
36928, 2.9188033917810645E7
36992, 2.9238619765155204E7
37056, 2.9202970733983126E7
37120, 2.933979145984432E7
37184, 2.8630385906557024E7
37248, 2.9182806212628335E7
37312, 2.9232765266661234E7
37376, 2.9197627692749962E7
37440, 2.9247623630580015E7
37504, 2.9212544943575174E7
37568, 2.9262213359920237E7
37632, 2.9312063808574274E7
37696, 2.927690032681769E7
37760, 2.634810762532098E7
37824, 2.929132102123125E7
37888, 2.9340883324143656E7
37952, 2.9305839546822008E7
38016, 2.927099695093782E7
38080, 2.9236174237771172E7
38144, 2.9285310665061545E7
38208, 2.9250725756072465E7
38272, 2.9383583519642286E7
38336, 2.9265015725671012E7
38400, 2.638246884944954E7
38464, 2.9279224417216767E7
38528, 2.9328120527857453E7
38592, 2.9293530404789954E7
38656, 2.9341931879596062E7
38720, 2.9390689709615126E7
38784, 2.919127874419697E7
38848, 2.923927311263382E7
38912, 2.7365661271175474E7
38976, 2.925353059852051E7
39040, 2.905747783474155E7
39104, 1.4820070158842774E7
39168, 2.033906754348431E7
39232, 2.911941096134434E7
39296, 2.8926447205700487E7
39360, 2.8581055175378468E7
39424, 2.7798774778027236E7
39488, 2.8830260091467157E7
39552, 2.8642770655064337E7
39616, 2.876678110640572E7
39680, 2.8735465705727976E7
39744, 2.8397983331618477E7
39808, 2.829298247609084E7
39872, 2.8874508281723432E7
39936, 2.861154893251182E7
40000, 1.6720506698234983E7
40064, 1.9272953980434567E7
40128, 1.5294688023124984E7
40192, 2.9106245908382528E7
40256, 2.899586267301287E7
40320, 2.8964185554687142E7
40384, 2.862635461974243E7
40448, 2.8520820876157813E7
40512, 2.8946736632712554E7
40576, 2.522554783006575E7
40640, 2.813796465029717E7
40704, 2.885318785761678E7
40768, 2.9129820911050014E7
40832, 2.8270899916361563E7
40896, 2.8685741861991953E7
40960, 1.6503884214937305E7
41024, 1.7559539096341193E7
41088, 2.928030648545106E7
41152, 2.924821178798458E7
41216, 2.9139117795109924E7
41280, 2.910748333088891E7
41344, 1.3693475991372686E7
41408, 1.5517680742306368E7
41472, 2.8788324734968595E7
41536, 2.290008997724105E7
41600, 2.172822998495738E7
41664, 2.8406549651463415E7
41728, 2.8163386517642614E7
41792, 2.9237605919160035E7
41856, 2.8979727484214023E7
41920, 2.8580934771107074E7
41984, 2.7304606611793842E7
42048, 2.2134906697325367E7
42112, 2.8639046815919045E7
42176, 2.7903628742007874E7
42240, 2.8581017440916326E7
42304, 2.9064686515810244E7
42368, 2.9034132649145313E7
42432, 2.930289603659547E7
42496, 2.904763987925981E7
42560, 2.9165707268401258E7
42624, 2.8840844872197382E7
42688, 2.9104554950119723E7
42752, 2.937248198572049E7
42816, 2.941645276713624E7
42880, 2.931011855286758E7
42944, 2.9353864998468876E7
43008, 2.939745068982299E7
43072, 2.914397687535862E7
43136, 2.9261092298341583E7
43200, 2.8440661719396003E7
43264, 2.9200075591911666E7
43328, 2.9169875747962795E7
43392, 2.928646634810075E7
43456, 2.9329820090278827E7
43520, 2.9373015701604716E7
43584, 2.9268607162427876E7
43648, 2.931174350075482E7
43712, 2.935456489271401E7
43776, 2.932397309825567E7
43840, 2.936700177916872E7
43904, 2.9263558657758202E7
43968, 2.647437101692221E7
44032, 2.934871865968497E7
44096, 2.8402415648123335E7
44160, 2.93610774238846E7
44224, 2.9258430058696814E7
44288, 2.9373219222055383E7
44352, 2.9343114371457152E7
44416, 2.9313002893286306E7
44480, 1.444639892327559E7
44544, 2.801749080424489E7
44608, 1.1775936203823378E7
44672, 2.764370120644162E7
44736, 2.8953690663573854E7
44800, 2.9065391941620085E7
44864, 2.9391571411350977E7
44928, 2.8126831173904553E7
44992, 2.9403614804280885E7
45056, 2.9373722201360203E7
45120, 2.9415599655774895E7
45184, 2.945717027579589E7
45248, 2.9356045861036286E7
45312, 2.9326636808450047E7
45376, 2.943908983801234E7
45440, 2.9409480415253576E7
45504, 2.916893160070153E7
45568, 2.921010661483787E7
45632, 2.911184378413139E7
45696, 2.936247648226017E7
45760, 2.905514890763815E7
45824, 2.902692896307783E7
45888, 2.920555394320803E7
45952, 2.9385884134487487E7
46016, 2.9426962095903657E7
46080, 2.9327752913681705E7
46144, 2.9438484387599904E7
46208, 2.9409218893997487E7
46272, 2.9449951884155378E7
46336, 2.94208780547273E7
46400, 2.9391792595295288E7
46464, 2.936299292214358E7
46528, 2.9403437815975733E7
46592, 2.3466554921167042E7
46656, 1.6962413362844985E7
46720, 2.931726907630522E7
46784, 2.6446460389099427E7
46848, 2.9397590361445785E7
46912, 2.9437751004016064E7
46976, 2.9477911646586347E7
47040, 2.9449180130818464E7
47104, 2.942043541045205E7
47168, 2.9529313954303686E7
47232, 2.9431851604444686E7
47296, 2.94715852442672E7
47360, 2.937498759502213E7
47424, 2.9414683524204593E7
47488, 2.93862840905153E7
47552, 2.942588824697152E7
47616, 2.939767367199269E7
47680, 2.8969868420413062E7
47744, 2.920751134189134E7
47808, 2.93136600871169E7
47872, 2.935275795256665E7
47936, 2.9391999607583452E7
48000, 2.909824537580384E7
48064, 2.887573054444786E7
48128, 2.937528686803582E7
48192, 2.908304406390159E7
48256, 2.9187473386753377E7
48320, 2.9160430647419494E7
48384, 2.926489374056439E7
48448, 2.943649717349354E7
48512, 2.9408626659812413E7
48576, 2.918332820670563E7
48640, 2.94863649810618E7
48704, 1.5666374165922549E7
48768, 1.5556219042588212E7
48832, 1.617352089388909E7
48896, 1.492202072285862E7
48960, 1.5636097924895631E7
49024, 1.4809265457533319E7
49088, 1.4296698431929916E7
49152, 1.6299633099079166E7
49216, 1.5680437176297866E7
49280, 1.4574431336920157E7
49344, 1.4723328885462146E7
49408, 1.4405571896072756E7
49472, 1.4844188826531347E7
49536, 2.070674474054703E7
49600, 2.78036880246825E7
49664, 2.9637692575777106E7
49728, 2.9544147492597327E7
49792, 2.9322252687716123E7
49856, 2.9489424123408888E7
49920, 2.9078030709009998E7
49984, 2.9178808936710753E7
50048, 1.243989834916822E7
50112, 1.4853281166637026E7
50176, 1.4302654382924382E7
50240, 1.5176633783960136E7
50304, 1.471482996508504E7
50368, 2.9661456124977622E7
50432, 2.9830264658423595E7
50496, 2.980226255453361E7
50560, 2.977452393739812E7
50624, 2.9812213208204955E7
50688, 2.9654452614187896E7
50752, 2.943469062024424E7
50816, 2.9729198453632373E7
50880, 2.9445126044584367E7
50944, 2.9674641415883016E7
51008, 2.9711782660360213E7
51072, 2.9684601113172542E7
51136, 2.9466133768502768E7
51200, 2.931382742400161E7
51264, 2.979605881094754E7
51328, 2.9576633721787874E7
51392, 2.967740147185867E7
51456, 2.946039656112162E7
51520, 2.9560268062058203E7
51584, 2.9660432210640587E7
51648, 2.9507342556663148E7
51712, 2.9418457533473507E7
51776, 2.9643607982521627E7
51840, 1.691879500582236E7
51904, 2.965346398895765E7
51968, 2.9817177007357903E7
52032, 2.972672800318109E7
52096, 2.9699899662501138E7
52160, 2.967332040814469E7
52224, 2.9213543484681685E7
52288, 2.9371848682850543E7
52352, 2.9531618778571527E7
52416, 7001346.412771687
52480, 1.6621565467684232E7
52544, 1.6276320778329298E7
52608, 1.5288685535731722E7
52672, 1.4998200398190375E7
52736, 1.5984636126441576E7
52800, 1.6644222185235063E7
52864, 1.6300031080567738E7
52928, 1.5916816829098713E7
52992, 1.5811824017072188E7
53056, 1.5795779059160337E7
53120, 1.636016005361402E7
53184, 1.630490765948054E7
53248, 1.6570981860550806E7
53312, 1.5310600247211972E7
53376, 1.4913363017005526E7
53440, 1.5233056645078901E7
53504, 1.5719567429846024E7
53568, 1.5842596141561262E7
53632, 1.5705493877340656E7
53696, 1.5933190744886162E7
53760, 1.602315727730315E7
53824, 1.584830104234144E7
53888, 2.9771454584830526E7
53952, 2.9868329561408557E7
54016, 2.978057117653545E7
54080, 2.9452386035386432E7
54144, 2.9790043575861614E7
54208, 2.9825125114991352E7
54272, 2.9738342911499497E7
54336, 2.953184717529969E7
54400, 2.9808349844821237E7
54464, 2.9782580165361565E7
54528, 2.98175773218426E7
54592, 2.97312251931179E7
54656, 2.964557225674315E7
54720, 2.974055280904739E7
54784, 2.965503503347451E7
54848, 2.9749584521190505E7
54912, 2.966433149371837E7
54976, 2.957963516154303E7
55040, 2.9733479119577855E7
55104, 2.9828253696053214E7
55168, 2.9862897428568956E7
55232, 2.9717375022597946E7
55296, 2.981160720447174E7
55360, 1.4878168867216643E7
55424, 1.6373412112259971E7
55488, 2.9795350275787413E7
55552, 2.98295881678258E7
55616, 2.9804163665672053E7
55680, 2.9838588669053182E7
55744, 2.9872885897408415E7
55808, 2.9788033545698326E7
55872, 2.982219413462688E7
55936, 2.979706290964569E7
56000, 2.9537485178511903E7
56064, 2.939757621011213E7
56128, 3.1795522523339074E7
56192, 3.0294665654544197E7
56256, 2.9614156847220935E7
56320, 2.9589653708583944E7
56384, 2.956537059487304E7
56448, 2.9715354196409397E7
56512, 2.940246074954631E7
56576, 2.9608169041209448E7
56640, 2.9699606102681775E7
56704, 2.9791526563550774E7
56768, 2.9825151311365165E7
56832, 2.9858650560480163E7
56896, 2.741923047266559E7
56960, 2.9926025554808337E7
57024, 2.921491075271021E7
57088, 2.9993275050437123E7
57152, 2.985124519471837E7
57216, 2.521515024379581E7
57280, 2.974422459382101E7
57344, 2.9835339560128532E7
57408, 2.981069213481279E7
57472, 2.9901811840018645E7
57536, 2.987715967580457E7
57600, 2.985247899961026E7
57664, 2.9828017148626953E7
57728, 2.968912002369863E7
57792, 2.9836567968643516E7
57856, 2.9869609572152536E7
57920, 2.9845208895850938E7
57984, 2.987818702722757E7
58048, 2.99110418573207E7
58112, 2.9886608626960486E7
58176, 2.986226890825319E7
58240, 2.9895120689230364E7
58304, 2.9870688771850727E7
58368, 2.984635020372098E7
58432, 2.9879076464909267E7
58496, 2.9911802726097558E7
58560, 2.9887554201814484E7
58624, 2.992021819547767E7
58688, 2.983921155496622E7
58752, 2.992860170182245E7
58816, 2.990429162378839E7
58880, 2.9880073725834087E7
58944, 2.991255206684043E7
59008, 2.9888485477178425E7
59072, 2.9864509605662283E7
59136, 2.967292345734517E7
59200, 2.9816587693001967E7
59264, 2.984894211126467E7
59328, 2.988105599071657E7
59392, 2.980137767144623E7
59456, 2.9833491224971496E7
59520, 2.986548489264081E7
59584, 2.989759831725655E7
59648, 2.987382954768554E7
59712, 2.990588301286546E7
59776, 2.9882023595280945E7
59840, 2.9858372319532484E7
59904, 2.9890306407574765E7
59968, 2.98665646677265E7
60032, 2.989843933652877E7
60096, 2.9874726585802346E7
60160, 2.9851220248019185E7
60224, 2.9883095488557648E7
60288, 2.9859498696420506E7
60352, 2.983598906857453E7
60416, 2.9922894659682546E7
60480, 2.9899386192495093E7
60544, 2.987584627834909E7
60608, 2.9852392998715434E7
60672, 2.9883916116982296E7
60736, 2.9915557114204764E7
60800, 2.989195631054596E7
60864, 2.9759669545625236E7
60928, 2.5116082735331364E7
60992, 2.9822255601452E7
61056, 2.9799230030377097E7
61120, 2.988495855613404E7
61184, 2.986170221073428E7
61248, 2.9892938300912876E7
61312, 2.9924174391091466E7
61376, 2.9846681735246863E7
61440, 2.9877804448213752E7
61504, 2.9908810805763904E7
61568, 2.9885753784260277E7
61632, 2.9862780060469806E7
61696, 2.989379021629584E7
61760, 2.9870727847489044E7
61824, 2.990179766759787E7
61888, 2.9878762364191834E7
61952, 2.9855925113444034E7
62016, 2.988665278741615E7
62080, 2.9863727501183387E7
62144, 2.989451484912275E7
62208, 2.987173133881135E7
62272, 2.9902463572699018E7
62336, 2.9879591993251015E7
62400, 2.980375374457419E7
62464, 2.9834321697132725E7
62528, 2.9864775536561042E7
62592, 2.98954576022498E7
62656, 2.9872720545886587E7
62720, 2.162889885730996E7
62784, 2.9054829513901744E7
62848, 2.9752504307977803E7
62912, 2.916448785987398E7
62976, 2.9813100039765947E7
63040, 2.984339790566002E7
63104, 2.982106604262205E7
63168, 2.9903993637448158E7
63232, 2.988144205177837E7
63296, 2.9191047881878085E7
63360, 2.988927382650635E7
63424, 2.986693991953105E7
63488, 2.989707810310273E7
63552, 2.987476965890715E7
63616, 3.297054128573502E7
63680, 3.2939930147484813E7
63744, 2.9601340381979145E7
63808, 3.2942478698491238E7
63872, 3.2975520302000254E7
63936, 3.3008561905509274E7
64000, 3.2914767210308906E7
