Message Length(bits), Throughput (Octet/sec)
64, 1429081.8149339051
128, 8574490.88960343
192, 1.0291595197255576E7
256, 8574490.88960343
320, 9526077.637532746
384, 9353078.721745908
448, 9234828.496042216
512, 1.0554089709762532E7
576, 5144694.533762057
640, 5196492.367651835
704, 9928917.973598104
768, 1.0289389067524115E7
832, 1.013348923316769E7
896, 1.043802423112768E7
960, 1.0288947955071595E7
1024, 9146123.615576992
1088, 1.041188179451845E7
1152, 1.0643802202675734E7
1216, 9309162.175404213
1280, 1.0717395672851497E7
1344, 1.0592018157745413E7
1408, 1.0479933309515303E7
1472, 1.0659869068999479E7
1536, 9353990.06138556
1600, 1.0718113612004288E7
1664, 1.0616036339509008E7
1728, 9260450.160771703
1792, 1.0438510648212872E7
1856, 1.081081081081081E7
1920, 1.0717634975215469E7
1984, 1.0631912886907313E7
2048, 1.0552784533575168E7
2112, 1.0479933309515303E7
2176, 1.060098214981682E7
2240, 1.0718113612004288E7
2304, 9645979.167364437
2368, 1.0574827623164589E7
2432, 1.0682784552131286E7
2496, 1.06158557332426E7
2560, 1.0553045542987172E7
2624, 5624721.336214288
2688, 1.043834850414738E7
2752, 1.053405193532582E7
2816, 1.0779029887310142E7
2880, 1.057113492879166E7
2944, 1.0806049038320364E7
3008, 1.0746541671430206E7
3072, 1.1758941695247428E7
3136, 1.1835034116297325E7
3200, 1.1745705476435179E7
3264, 1.18185504895429E7
3328, 1.1889450970304953E7
3392, 1.1652193030669453E7
3456, 1.187204572936133E7
3520, 1.1789609067281157E7
3584, 1.171119360066921E7
3648, 1.1776859504132232E7
3712, 7313421.073370636
3776, 1.1764999127595404E7
3840, 1.1826446891861925E7
3904, 1.1753654953153977E7
3968, 1.0423671822461331E7
4032, 1.1872232168095732E7
4096, 1.180131381813991E7
4160, 1.185806804706741E7
4224, 1.1789661717092777E7
4288, 1.0445085353495985E7
4352, 1.0411682520239621E7
4416, 8896625.084614642
4480, 1.1432304425935E7
4544, 1.1486349848331647E7
4608, 1.012053273359806E7
4672, 1.009559700589486E7
4736, 1.0071452875127593E7
4800, 1.0127095042786976E7
4864, 1.1432224583043452E7
4928, 1.1582648590715077E7
4992, 1.1530785719565379E7
5056, 1.1480680847971806E7
5120, 1.143245029563602E7
5184, 1.157535592433147E7
5248, 1.0116431490477294E7
5312, 1.009456049134969E7
5376, 1.1523819322975615E7
5440, 1.1477568105863687E7
5504, 1.152177917706362E7
5568, 1.156530408773679E7
5632, 1.0128039131060278E7
5696, 1.0107319289080687E7
5760, 1.0153859171614323E7
5824, 1.0133348180729937E7
5888, 1.1515834272124171E7
5952, 1.155656347566753E7
6016, 1.0138186720593192E7
6080, 1.1554015020219525E7
6144, 1.1512344291046454E7
6208, 1.020502097552636E7
6272, 1.1918878652436985E7
6336, 1.1955799770545257E7
6400, 1.0456422857740367E7
6464, 1.1862988357240386E7
6528, 1.0474026724171128E7
6592, 1.1934418631597243E7
6656, 1.0490877223952487E7
6720, 1.0408019130930403E7
6784, 1.1880744227751626E7
6848, 1.1915035772946188E7
6912, 1.18722088629337E7
6976, 1.1830466163781406E7
7040, 1.1863835524098415E7
7104, 1.1822974916120786E7
7168, 1.1929488203653406E7
7232, 1.0474601408972932E7
7296, 1.1848156520383507E7
7360, 1.1880011880011879E7
7424, 1.0469668422893375E7
7488, 1.0449927431059508E7
7552, 1.1903110696407631E7
7616, 1.0464988457733318E7
7680, 1.1964256782861201E7
7744, 1.1856932876041157E7
7808, 1.1954924056834886E7
7872, 1.1849853683209093E7
7936, 1.1946193957056323E7
8000, 1.1908731481922545E7
8064, 5686113.022778298
8128, 9150762.41342352
8192, 1.0759919300605247E7
8256, 1.0791028389188059E7
8320, 1.0717892697405033E7
8384, 1.0748607706587624E7
8448, 1.160835009728589E7
8512, 1.1519016120126883E7
8576, 1.0540909940117406E7
8640, 1.015381143996089E7
8704, 1.1545604074919086E7
8768, 1.1516476126429053E7
8832, 1.1543890834945366E7
8896, 1.1571159509266293E7
8960, 1.0129971147671463E7
9024, 1.0116954868336083E7
9088, 1.1326021934197407E7
9152, 1.1567239635995954E7
9216, 1.1539270581871726E7
9280, 1.1511705220955273E7
9344, 1.0136425174436769E7
9408, 1.0123879787536263E7
9472, 1.1536362927741835E7
9536, 1.1509568777397987E7
9600, 1.1534912334666258E7
9664, 1.0925897452131363E7
9728, 1.1688823523757342E7
9792, 1.1926104918543924E7
9856, 1.1895910780669145E7
9920, 1.0464664877546543E7
9984, 1.1942698016248958E7
10048, 1.0476007773598125E7
10112, 1.1936013900168087E7
10176, 1.1854944686244722E7
10240, 1.1877807059871571E7
10304, 1.1952043353995768E7
10368, 1.1923052154153287E7
10432, 1.19454393888039E7
10496, 1.045493302308532E7
10560, 1.1888785812715597E7
10624, 1.1861061243446495E7
10688, 1.1689050264665995E7
10752, 1.1904867354621552E7
10816, 1.0462533759470062E7
10880, 1.1947851143831044E7
10944, 1.1920425928669147E7
11008, 1.0459503629660599E7
11072, 1.1914497981250161E7
11136, 1.1935384298796173E7
11200, 1.1956206124993594E7
11264, 1.192937269122581E7
11328, 1.1949972150488634E7
11392, 1.1923701706496073E7
11456, 1.1943983385185124E7
11520, 1.1917964676476918E7
11584, 1.1712841253791708E7
11648, 1.1867114400286896E7
11712, 1.046065464834623E7
11776, 1.1906976744186046E7
11840, 1.1881919411684424E7
11904, 1.1769917104347276E7
11968, 1.1921173629981432E7
12032, 1.1896381253707733E7
12096, 1.1743142067165801E7
12160, 1.0476689366160294E7
12224, 1.1953936662911505E7
12288, 1.1929448496004103E7
12352, 7936915.911871446
12416, 9756097.56097561
12480, 1.0821910205893777E7
12544, 1.0738402114807762E7
12608, 9489516.973952
12672, 1.0813393862852853E7
12736, 1.0765194341510912E7
12800, 1.0819290795488356E7
12864, 1.080521714589059E7
12928, 1.0825077202360617E7
12992, 1.0811098684560899E7
13056, 1.0698201889229035E7
13120, 1.0816871681561852E7
13184, 1.0836259386383662E7
13248, 1.0756809073134609E7
13312, 9486454.437653927
13376, 9506806.008847244
13440, 1.0623027942357427E7
13504, 9497018.116349725
13568, 1.0819983795543136E7
13632, 1.0711591651998995E7
13696, 1.0825371331735663E7
13760, 1.0812169977369877E7
13824, 1.0830732202624949E7
13888, 9615597.651489975
13952, 1.1538207079060538E7
14016, 1.155550865344027E7
14080, 1.1572704199050512E7
14144, 1.1589718713331454E7
14208, 1.1536362927741835E7
14272, 1.0143625550109738E7
14336, 1.196661101836394E7
14400, 1.0484866842191104E7
14464, 1.1961627522328813E7
14528, 1.1904371710073484E7
14592, 1.048221643708084E7
14656, 1.197260417211272E7
14720, 1.0489829426251939E7
14784, 1.0507522430831164E7
14848, 1.1947369776244303E7
14912, 1.175187405824239E7
14976, 1.1942812302627802E7
15040, 1.1163232587138532E7
15104, 1.1938259973315965E7
15168, 1.1918531556449585E7
15232, 1.193378753596119E7
15296, 1.1077058554304816E7
15360, 1.1929467026207548E7
15424, 1.1944589002056848E7
15488, 1.1925220980011703E7
15552, 1.0549679548056938E7
15616, 1.0486899434287649E7
15680, 1.1935863005523382E7
15744, 1.19505944934964E7
15808, 1.1088228857452288E7
15872, 1.1946193957056323E7
15936, 1.1927429495239807E7
16000, 1.0482015481936866E7
16064, 1.1956366407850236E7
16128, 1.0463595407644238E7
16192, 1.191920381602968E7
16256, 1.1966315293563394E7
16320, 1.0486598743664347E7
16384, 1.1929517984563855E7
16448, 1.1976047904191617E7
16512, 1.1925396935450321E7
16576, 8060751.299368211
16640, 1.079571700688746E7
16704, 1.086357061841188E7
16768, 1.1949283955121774E7
16832, 1.046422567714084E7
16896, 1.1233863289415594E7
16960, 1.113819771351715E7
17024, 1.1548208887996484E7
17088, 1.153322822401244E7
17152, 1.157636132933776E7
17216, 1.1590393761007374E7
17280, 1.1546479927299941E7
17344, 1.1560385417277658E7
17408, 1.1574221825067552E7
17472, 1.1588051148723936E7
17536, 1.195605930030872E7
17600, 1.1878728975999568E7
17664, 1.1921924354094112E7
17728, 1.1965119732188655E7
17792, 1.194812450977232E7
17856, 1.1931362591543272E7
17920, 1.0483848321180182E7
17984, 1.047559577620996E7
18048, 1.0490047009918116E7
18112, 1.1953285041498596E7
18176, 1.1966145078975504E7
18240, 1.1949497649408028E7
18304, 1.1933136881633503E7
18368, 1.1945765392659806E7
18432, 1.1872127295587113E7
18496, 1.197090118311026E7
18560, 1.1897374885256998E7
18624, 1.0483700277854083E7
18688, 1.0475712133170696E7
18752, 1.1934766116262138E7
18816, 1.04817038116502E7
18880, 1.1959419056016704E7
18944, 1.0487574792617952E7
19008, 1.1955739610432087E7
19072, 9325322.318187509
19136, 1.0014485836536128E7
19200, 1.0830715910321672E7
19264, 1.0708980778980512E7
19328, 1.0789326783521269E7
19392, 1.0780136797445498E7
19456, 1.0815714806677992E7
19520, 1.082885089914967E7
19584, 1.0841884751828017E7
19648, 9502952.260820441
19712, 1.0823299964420158E7
19776, 1.0836259386383662E7
19840, 1.0849118509121133E7
19904, 1.1931137006665707E7
19968, 1.1969500791253056E7
20032, 1.0483391527878955E7
20096, 1.1939390482708797E7
20160, 1.0488986564107688E7
20224, 1.1936013900168087E7
20288, 1.1921270724724885E7
20352, 1.0487002547550147E7
20416, 1.194409862305885E7
20480, 1.1955410056554694E7
20544, 1.1966728022554114E7
20608, 1.1926257210848449E7
20672, 1.1011958031825582E7
20736, 1.1948664994836997E7
20800, 1.1782886716607979E7
20864, 1.0488638648702996E7
20928, 1.19310407735109E7
20992, 1.1866537630129429E7
21056, 1.050631496591036E7
21120, 1.1964107676969092E7
21184, 1.1975073035283051E7
21248, 1.0258272083672894E7
21312, 9501662.077525575
21376, 1.0766249098447517E7
21440, 1.0839231547017189E7
21504, 1.0810376030565051E7
21568, 1.0822224095505325E7
21632, 9502022.342403125
21696, 9514520.870901424
21760, 1.0678643498197978E7
21824, 1.1934030360033248E7
21888, 1.1944677284157585E7
21952, 1.0484767665343333E7
22016, 1.1941541986322768E7
22080, 1.0489829426251937E7
22144, 1.1962539273690624E7
22208, 1.194893294651389E7
22272, 1.1935435467621272E7
22336, 1.1945815969399543E7
22400, 1.1885155440854372E7
22464, 1.0486337512183644E7
22528, 1.0497944028362343E7
22592, 1.1963364314944886E7
22656, 1.1879892275553094E7
22720, 1.1936785474108944E7
22784, 1.0489523367549509E7
22848, 1.1910570631435398E7
22912, 1.196724051479191E7
22976, 1.1930923608024294E7
23040, 1.1941041109521737E7
23104, 1.1974161020954782E7
23168, 9916585.626429617
23232, 6096908.086591211
23296, 9722871.4524207
23360, 1.156976329532217E7
23424, 1.1580079731696513E7
23488, 1.156898440393724E7
23552, 1.0113293622166801E7
23616, 1.1568259392352879E7
23680, 1.1350607219139578E7
23744, 1.1567497203612115E7
23808, 1.0158106004751371E7
23872, 1.015304421201625E7
23936, 1.0148048908711651E7
24000, 1.1566042100393247E7
24064, 1.1576087374829708E7
24128, 1.1565348436798975E7
24192, 1.1959707177010786E7
24256, 1.1969287251051063E7
24320, 1.1934907641874252E7
24384, 1.0487344995114164E7
24448, 1.1953936662911505E7
24512, 1.1963422538400868E7
24576, 1.1886382894752117E7
24640, 1.1938909993022716E7
24704, 1.1948291138995618E7
24768, 1.195768462765485E7
24832, 1.194553697189874E7
24896, 1.0488709133805191E7
24960, 1.0769650297028337E7
25024, 1.0174673909507856E7
25088, 1.0755601590018144E7
25152, 1.0800300924415069E7
25216, 9502877.695672754
25280, 9513630.684469601
25344, 9497684.040113326
25408, 1.0840737415904071E7
25472, 1.06145363141156E7
25536, 1.1962045239915455E7
25600, 1.1725563193457136E7
25664, 1.1959260971354438E7
25728, 1.1947573334918419E7
25792, 1.1182640546090238E7
25856, 1.194488794275915E7
25920, 1.1912815836691473E7
25984, 1.1921803539836E7
26048, 1.1930760549342636E7
26112, 1.1919281921692071E7
26176, 1.1709174453100678E7
26240, 1.1916785955631772E7
26304, 1.192566048137885E7
26368, 1.0498085755600996E7
26432, 1.1943319838056682E7
26496, 1.1931953280926889E7
26560, 1.0066005099704994E7
26624, 1.055298530889996E7
26688, 1.0818418552160928E7
26752, 1.026951330368769E7
26816, 1.0644851918423342E7
26880, 1.0333437897883492E7
26944, 1.0695662667437296E7
27008, 1.0705191827778324E7
27072, 1.0794430533182347E7
27136, 1.0868450733107762E7
27200, 1.142346446798574E7
27264, 1.154076687854088E7
27328, 1.1567857880603181E7
27392, 1.0151591967671448E7
27456, 1.0147241440482525E7
27520, 1.1539751761153976E7
27584, 1.1566588393156659E7
27648, 1.1344872977471106E7
27712, 1.1547975437216219E7
27776, 1.1574645126447665E7
27840, 1.0163017131108763E7
27904, 1.1556097431683851E7
27968, 1.1546871181044107E7
28032, 1.0163857392726924E7
28096, 1.1546364637614451E7
28160, 1.0100894158698821E7
28224, 1.1563497630269619E7
28288, 9154194.85283648
28352, 1.1545327790881015E7
28416, 1.0018417868434934E7
28480, 1.0161267304124448E7
28544, 1.0063545876851307E7
28608, 1.154430968191811E7
28672, 1.1552718950456114E7
28736, 1.1543826045596829E7
28800, 1.0732780595132682E7
28864, 1.1543309807334224E7
28928, 1.153447423403882E7
28992, 1.1559992982344216E7
29056, 1.0163790377420267E7
29120, 1.1374075856336672E7
29184, 1.1533573194559492E7
29248, 1.14742316250663E7
29312, 1.1550088737717785E7
29376, 1.0156383973270344E7
29440, 1.1549591056599272E7
29504, 1.1540868694454877E7
29568, 1.0170275059711842E7
29632, 1.0153202617245642E7
29696, 1.1548536832739107E7
29760, 1.1556671181638561E7
29824, 1.1564746137070782E7
29888, 1.155611645200005E7
29952, 1.1547536433032617E7
30016, 1.015492210590133E7
30080, 1.1547060413237354E7
30144, 1.1555092152473243E7
30208, 1.1546553158177994E7
30272, 9867760.534694932
30336, 1.0809085104442215E7
30400, 1.0817489033058817E7
30464, 9502586.510220021
30528, 1.0819945446606291E7
30592, 1.0799758248089427E7
30656, 1.0822382449213598E7
30720, 1.0816474843245618E7
30784, 1.1552467959013958E7
30848, 1.1576485563918352E7
30912, 1.1551983927674534E7
30976, 1.1559796270532671E7
31040, 1.1567552419198558E7
31104, 1.1559250075812982E7
31168, 1.0172190963564444E7
31232, 1.0168308424797753E7
31296, 1.1550487618361495E7
31360, 1.1542311995759968E7
31424, 1.153421503911297E7
31488, 1.0177459100111961E7
31552, 1.1502398763433803E7
31616, 9782226.64468636
31680, 1.0785958642930293E7
31744, 1.0054020087769974E7
31808, 1.0815810233671555E7
31872, 1.081013613065504E7
31936, 1.0804490684103975E7
32000, 1.1149950103973284E7
32064, 1.1916017053461531E7
32128, 1.1923247065948976E7
32192, 1.1930492429296117E7
32256, 1.1888439730740992E7
32320, 1.1928417683583958E7
32384, 1.1919238911839444E7
32448, 1.1926395088301193E7
32512, 1.1933531638247203E7
32576, 1.1924354146290038E7
32640, 1.0486544837689877E7
32704, 1.1857833624848079E7
32768, 1.1913279700306557E7
32832, 1.1920356681237929E7
32896, 1.1927449086442098E7
32960, 1.1886284036028136E7
33024, 1.0661046890011467E7
33088, 1.1916458023008905E7
33152, 9510673.114217583
33216, 1.0801108206188785E7
33280, 1.0769641003337035E7
33344, 1.0803413132056693E7
33408, 1.193541841129749E7
33472, 1.1926479978108183E7
33536, 1.0522088353413654E7
33600, 1.1940332452970726E7
33664, 1.0500783566074084E7
33728, 1.1021127312842123E7
33792, 1.1945194632580632E7
33856, 1.190499632891772E7
33920, 1.1943157331380365E7
33984, 1.1934361014420686E7
34048, 1.1941169538794773E7
34112, 1.1916839242844725E7
34176, 1.1923635145696104E7
34240, 1.1914936263442582E7
34304, 9398417.962200299
34368, 1.0757938863054143E7
34432, 1.069053822786445E7
34496, 1.0798005674462166E7
34560, 1.0780245200669773E7
34624, 1.0812809481694674E7
34688, 1.069568842393999E7
34752, 1.092920921736899E7
34816, 1.1531317649116205E7
34880, 1.0956590791437775E7
34944, 1.1559439282510262E7
35008, 1.1566316012052651E7
35072, 1.1544741138673829E7
35136, 7755017.718944174
35200, 1.08038029386344E7
35264, 1.0592919949919134E7
35328, 1.0805969710984357E7
35392, 1.0813188961943636E7
35456, 1.0820418168146173E7
35520, 1.0311457097139034E7
35584, 1.0773575674196221E7
35648, 1.1184738955823293E7
35712, 1.0787976626050644E7
35776, 1.0782997007670106E7
35840, 1.0778013814141812E7
35904, 1.0701180038770318E7
35968, 1.0792282174011147E7
36032, 1.0811485523075225E7
36096, 1.081858725363257E7
36160, 1.0813578217817044E7
36224, 1.1527436214683225E7
36288, 1.193037458640842E7
36352, 1.0496117083446901E7
36416, 1.1202717003420865E7
36480, 1.193492326053728E7
36544, 1.1926737248860981E7
36608, 1.1635801448881045E7
36672, 1.0498014446220577E7
36736, 1.193127047764056E7
36800, 1.1937571690308249E7
36864, 1.126292376506245E7
36928, 1.04928168757956E7
36992, 1.1942025392299667E7
37056, 1.1862657470887573E7
37120, 4950811.975843452
37184, 1.0736345115286356E7
37248, 1.153811841440084E7
37312, 1.0557171474812409E7
37376, 1.1564413685216265E7
37440, 1.155752461530483E7
37504, 9597962.480319878
37568, 1.0835556129842082E7
37632, 1.0819090727183655E7
37696, 9501915.708812261
37760, 9518028.800103247
37824, 1.079318988069964E7
37888, 1.0731466354269814E7
37952, 1.0783803381986229E7
38016, 1.0722384557239076E7
38080, 1.0729154222575855E7
38144, 1.0735885507905556E7
38208, 7281442.384215005
38272, 1.0389926288859064E7
38336, 1.082402155769235E7
38400, 1.0842091710543256E7
38464, 1.0680124927251644E7
38528, 1.0764825663916599E7
38592, 1.0827845339582238E7
38656, 1.082313624563502E7
38720, 1.0818470974534124E7
38784, 1.0168339716511387E7
38848, 1.1578638651575014E7
38912, 1.1584813985614253E7
38976, 1.1578166885302002E7
39040, 1.0165840692110432E7
39104, 1.156490590501067E7
39168, 1.1583806330871932E7
39232, 1.1577205370274628E7
39296, 1.153257388642105E7
39360, 1.1551356580047145E7
39424, 1.1570139273673238E7
39488, 1.1588921967299331E7
39552, 1.1569675468730986E7
39616, 1.1563177165060151E7
39680, 1.1494199600483868E7
39744, 1.1550211335388564E7
39808, 1.1581358109743608E7
39872, 1.1524898544357216E7
39936, 1.016214235549177E7
40000, 1.1574395585062549E7
40064, 1.1555465310530057E7
40128, 1.1561493036828058E7
40192, 1.0159736785163226E7
40256, 1.0166313781901052E7
40320, 1.017289891287235E7
40384, 1.044475020949504E7
40448, 1.0730597483742805E7
40512, 9513628.874539958
40576, 1.082890669035134E7
40640, 1.0824424845890447E7
40704, 1.1578029959972966E7
40768, 1.1559408691786151E7
40832, 1.1565330293959698E7
40896, 1.0165062964929339E7
40960, 1.15284676594959E7
41024, 1.016859079353874E7
41088, 1.0165647001074756E7
41152, 1.0162734139002653E7
41216, 1.157620137916778E7
41280, 1.1569921790916266E7
41344, 1.1563668421653237E7
41408, 1.0114076465231884E7
41472, 1.0767719274923718E7
41536, 9677774.111954251
41600, 1.0832453196511118E7
41664, 1.082807315186747E7
41728, 1.157441822793349E7
41792, 1.1849781786177674E7
41856, 1.1956479511502855E7
41920, 1.1911283668129815E7
41984, 1.1942118952424945E7
42048, 1.185963392180223E7
42112, 1.0486786927375413E7
42176, 1.194600730990508E7
42240, 1.0499146944310775E7
42304, 1.0495582844247375E7
42368, 1.1949862924061058E7
42432, 8173631.101714243
42496, 1.14094983214377E7
42560, 1.0850455433589911E7
42624, 1.0584764534681594E7
42688, 1.0800876053065175E7
42752, 1.0066134352002019E7
42816, 1.0197704373275612E7
42880, 1.0768111924076775E7
42944, 1.1576150714236422E7
43008, 1.0135326211959533E7
43072, 1.0491833946850987E7
43136, 1.1952606319896258E7
43200, 1.1945634091954837E7
43264, 1.1938664229483733E7
43328, 1.1471927033799397E7
43392, 1.1961680280870132E7
43456, 1.193022836987222E7
43520, 1.1972331589569107E7
43584, 1.1953109058955947E7
43648, 1.1946233192398729E7
43712, 1.164262427819565E7
43776, 1.1944625136974638E7
43840, 8707770.09580136
43904, 1.0772845676237512E7
43968, 1.072959697634647E7
44032, 1.0431690809536355E7
44096, 1.1549744363423016E7
44160, 1.1566507417651497E7
44224, 1.1538156483116472E7
44288, 1.0501615268316649E7
44352, 1.1955722421939528E7
44416, 1.194893294651389E7
44480, 1.1627590851009991E7
44544, 1.0506532617802233E7
44608, 1.196453553741707E7
44672, 1.1862955669001443E7
44736, 1.1951016221068155E7
44800, 1.1908761871546991E7
44864, 1.0283304299990831E7
44928, 1.0625175005108258E7
44992, 9514963.566013444
45056, 9505998.636213263
45120, 1.0823403883759713E7
45184, 1.1066654649053026E7
45248, 1.129920929507797E7
45312, 1.1961783116652729E7
45376, 1.1747211279973822E7
45440, 1.1948461740731003E7
45504, 1.1941877822496835E7
45568, 1.194698525294008E7
45632, 1.1917098445595855E7
45696, 1.1968820719135027E7
45760, 1.186955935298451E7
45824, 1.0972654566352187E7
45888, 1.0833065780279137E7
45952, 1.0848195146641385E7
46016, 1.0911381071257845E7
46080, 1.1952563264543843E7
46144, 1.1957576310399443E7
46208, 1.0501531776406096E7
46272, 1.1956070124087637E7
46336, 1.1961060470264621E7
46400, 1.1943052232321193E7
46464, 1.1959550034284867E7
46528, 1.1953034603377514E7
46592, 1.195802372304363E7
46656, 1.1962978765302438E7
46720, 9787720.433207188
46784, 1.1915993063946582E7
46848, 1.084004820267336E7
46912, 1.081749172177795E7
46976, 9514041.798918651
47040, 1.0494771354985641E7
47104, 1.1963394613221502E7
47168, 1.195695819526183E7
47232, 1.1939308515048504E7
47296, 1.1955486439865643E7
47360, 1.144270913870419E7
47424, 1.0501756493178641E7
47488, 1.1958893318854798E7
47552, 1.0495387962086648E7
47616, 1.1748195432178449E7
47680, 9707978.785785954
47744, 1.1514722367463965E7
47808, 1.0828401723556848E7
47872, 1.083374973748434E7
47936, 1.0081856192214828E7
48000, 1.1953024613269849E7
48064, 1.1957837080440735E7
48128, 1.1962664397154095E7
48192, 1.1967459000923784E7
48256, 1.049518042941156E7
48320, 1.1943887458522677E7
48384, 1.194869646991884E7
48448, 1.1953496634624874E7
48512, 1.1958264395174889E7
48576, 8884492.814271376
48640, 1.0656533611898862E7
48704, 1.0147799837648537E7
48768, 1.0808299838123724E7
48832, 1.0813530376737446E7
48896, 1.078315484906759E7
48960, 1.0841894355305886E7
49024, 1.0829208467564506E7
49088, 1.0897246917833764E7
49152, 1.15628693380709E7
49216, 1.1588109755523283E7
49280, 1.1593002794741746E7
49344, 1.156741469781817E7
49408, 1.15824395513305E7
49472, 1.156707274873228E7
49536, 1.1582058284388913E7
49600, 1.1556664001178034E7
49664, 1.1581635794120006E7
49728, 1.157643220170108E7
49792, 1.1591331084843554E7
49856, 1.1546043368065333E7
49920, 1.0675097256294714E7
49984, 1.082705307647386E7
50048, 1.083215015410188E7
50112, 1.1331096298038222E7
50176, 1.1500871000275053E7
50240, 1.1594866502098339E7
50304, 1.1579726638895947E7
50368, 1.0170258133298872E7
50432, 1.1589279181396855E7
50496, 1.1594032526477817E7
50560, 1.0170729862518124E7
50624, 1.1583718358948827E7
50688, 1.077912157644653E7
50752, 9890061.922014428
50816, 1.081491545739499E7
50880, 1.0819951582417918E7
50944, 1.0833561584408382E7
51008, 1.1582576723671254E7
51072, 1.1587279403356753E7
51136, 1.1591995139776757E7
51200, 1.1596681899391538E7
51264, 1.1581818280403629E7
51328, 1.1586497829337534E7
51392, 1.017010868274612E7
51456, 1.1586120432966404E7
51520, 9818360.333824253
51584, 1.0823622623519894E7
51648, 1.0837051435707884E7
51712, 1.08419993290842E7
51776, 1.1589988055435672E7
51840, 1.1953844876725975E7
51904, 1.1937771971627552E7
51968, 1.1962771031531183E7
52032, 1.1916081763668044E7
52096, 1.1961397308685606E7
52160, 1.1955624828092052E7
52224, 1.1960052545083793E7
52288, 1.195425339871349E7
52352, 9536077.96734651
52416, 1.081193471254808E7
52480, 1.0833484715868743E7
52544, 9512843.352379298
52608, 1.0496023290445842E7
52672, 1.1960405680102745E7
52736, 1.1964809809982412E7
52800, 1.1959078208747523E7
52864, 1.1953365954252327E7
52928, 1.195775745055406E7
52992, 1.1952061838928644E7
53056, 1.195644335472705E7
53120, 6000567.523554939
53184, 1.0478301027340043E7
53248, 1.0816995163555048E7
53312, 1.0805429306646215E7
53376, 1.081023277969776E7
53440, 1.1932556049966684E7
53504, 1.0927015444539025E7
53568, 1.1931320071559412E7
53632, 1.193566420618219E7
53696, 1.1930069035143225E7
53760, 1.1934403404146496E7
53824, 1.1869917838574057E7
53888, 1.1758236962688195E7
53952, 1.049839348427109E7
54016, 1.1298527443105757E7
54080, 1.0662679203201327E7
54144, 1.0730559580924718E7
54208, 1.0759159019925721E7
54272, 1.0795860525884444E7
54336, 1.1545718802590648E7
54400, 1.1550168496575715E7
54464, 1.1554611152032748E7
54528, 1.1927010058165172E7
54592, 1.0500900978535013E7
54656, 1.1935542480188955E7
54720, 1.1930073028093228E7
54784, 1.0500136464974502E7
54848, 1.193855198041353E7
54912, 1.1933095390007423E7
54976, 1.1927656472385183E7
55040, 1.1931891100682268E7
55104, 1.1936098205946214E7
55168, 1.0536061871862175E7
55232, 1.0700823331018748E7
55296, 1.081487044686444E7
55360, 1.0811621555748595E7
55424, 1.1512168534956913E7
55488, 1.1932451588929107E7
55552, 1.1729690102398302E7
55616, 1.1931261380779205E7
55680, 1.1850096282032292E7
55744, 1.1920545662635555E7
55808, 1.1924704788343329E7
55872, 1.1928857279011259E7
55936, 1.0223657121467339E7
56000, 1.0810543677685184E7
56064, 1.079954878597538E7
56128, 1.0819646850181201E7
56192, 1.1030375934182074E7
56256, 1.1934766116262138E7
56320, 1.1938881069072532E7
56384, 1.1933586408444267E7
56448, 1.193769255366125E7
56512, 1.1941812403323555E7
56576, 1.1936509651154157E7
56640, 1.1931203467463877E7
56704, 9924015.754094986
56768, 1.081081081081081E7
56832, 1.0723909154722279E7
56896, 1.0259162129959004E7
56960, 1.1923621833625283E7
57024, 1.1927710843373494E7
57088, 1.193179348098705E7
57152, 1.1935849819475282E7
57216, 1.1930618250242716E7
57280, 1.1733953899982791E7
57344, 1.1729130394941814E7
57408, 1.1905788974204123E7
57472, 8104967.451515732
57536, 1.0705965539056975E7
57600, 1.0710444617332177E7
57664, 1.0744705906905053E7
57728, 1.184383729823951E7
57792, 1.1930044754182287E7
57856, 1.193405247880765E7
57920, 1.1928888010149442E7
57984, 1.1923739395225568E7
58048, 1.1927756197715381E7
58112, 1.1931747251953036E7
58176, 1.0504101539648216E7
58240, 9272267.132997172
58304, 1.1336979584725568E7
58368, 1.0808232388847493E7
58432, 1.080514931047644E7
58496, 1.1928338613428518E7
58560, 1.1923241688344054E7
58624, 1.1918140848094122E7
58688, 1.193117132355333E7
58752, 1.192606618447078E7
58816, 1.1930029532989323E7
58880, 1.049681601334921E7
58944, 1.1919899826249018E7
59008, 9439407.221607232
59072, 1.0644355421139656E7
59136, 1.0779124196159061E7
59200, 1.0805475163469316E7
59264, 1.1540414819338296E7
59328, 1.0177181211737791E7
59392, 1.1556932369217837E7
59456, 1.0494758974981748E7
59520, 1.1937271563301234E7
59584, 6869771.34582215
59648, 1.1936150559427014E7
59712, 1.1948957587924251E7
59776, 1.195284767957666E7
59840, 1.050716748958765E7
59904, 1.1942793254746096E7
59968, 1.1937769439883552E7
60032, 1.0781098022651225E7
60096, 9759114.092773942
60160, 9515747.169634644
60224, 1.0757897294091588E7
60288, 1.193937156699499E7
60352, 1.1943228502901109E7
60416, 1.1947060852177268E7
60480, 1.1872120304152416E7
60544, 1.1945933915371394E7
60608, 1.1949771840747522E7
60672, 1.1944793131743949E7
60736, 1.019037149487864E7
60800, 1.080315793364018E7
60864, 9514769.278100647
60928, 1.0825901424026793E7
60992, 1.1946341746227985E7
61056, 1.1553500792486591E7
61120, 1.1936511507640773E7
61184, 1.194901047257024E7
61248, 1.1952807020556768E7
61312, 1.195657939486978E7
61376, 1.175518809526728E7
61440, 9935214.124562746
61504, 1.0778149293069487E7
61568, 9519297.729147777
61632, 1.0821835835110283E7
61696, 9922723.190505477
61760, 1.1939670638308402E7
61824, 1.1952043353995768E7
61888, 1.1938584808552077E7
61952, 1.1908057006132403E7
62016, 1.1937485274483625E7
62080, 1.1949804660731802E7
62144, 9359915.751118781
62208, 1.0650756277659299E7
62272, 1.0806728382378258E7
62336, 1.081084080925914E7
62400, 1.0793980280228335E7
62464, 1.0798087654250985E7
62528, 1.0823116270954557E7
62592, 1.082021488305068E7
62656, 1.0824287755784608E7
62720, 9516203.034989038
62784, 1.0804604347448982E7
62848, 1.0808683819857104E7
62912, 9852179.719593735
62976, 1.0754759513904544E7
63040, 1.0820876051533734E7
63104, 9520556.460110342
63168, 1.082895841219163E7
63232, 1.0826092197105005E7
63296, 1.0830122304275516E7
63360, 1.0827245286320487E7
63424, 1.0681497888760446E7
63488, 1.0500868676951414E7
63552, 1.078439358149385E7
63616, 1.0734080435410587E7
63680, 1.0819818754443126E7
63744, 1.081013613065504E7
63808, 1.081413810261771E7
63872, 1.0818135009891331E7
63936, 1.0788074803797964E7
64000, 1.164195177321478E7
